350.170000
351.990000
349.990000
352.380000
352.420000
353.030000
363.120000
354.390000
357.000000
355.060000
354.940000
355.140000
352.570000
352.680000
363.570000
354.380000
354.970000
354.560000
353.360000
354.530000
361.070000
355.150000
354.090000
357.840000
357.280000
357.470000
354.250000
353.390000
361.320000
355.450000
352.740000
354.440000
355.030000
355.180000
357.540000
357.300000
355.050000
357.800000
357.850000
356.230000
353.610000
354.950000
359.510000
353.750000
352.460000
353.730000
355.740000
356.520000
360.900000
357.200000
358.950000
356.760000
356.780000
357.790000
355.260000
356.620000
361.940000
356.030000
355.310000
353.240000
349.810000
350.170000


349.210000
352.110000
350.680000
350.170000
352.170000
354.150000
360.590000
354.070000
356.570000
354.550000
353.530000
351.200000
350.580000
353.310000
356.960000
351.770000
357.110000
353.540000
352.740000
355.180000
359.070000
355.340000
353.490000
354.020000
355.570000
355.300000
353.810000
354.780000
361.550000
357.080000
358.210000
351.870000
351.780000
351.910000
353.000000
351.580000
354.230000
353.820000
355.530000
356.700000
354.990000
352.760000
357.080000
355.480000
355.340000
350.990000
352.120000
352.920000
353.930000
353.680000
356.190000
354.430000
353.320000
355.100000
352.660000
355.450000
357.940000
353.050000
356.970000
350.770000
348.040000
349.220000


347.270000
348.970000
346.950000
350.370000
349.280000
351.900000
356.220000
353.400000
354.840000
350.840000
350.650000
348.880000
348.660000
349.940000
358.840000
349.760000
350.860000
352.410000
352.240000
353.060000
355.030000
353.110000
356.480000
354.040000
351.340000
350.710000
350.970000
350.800000
351.320000
353.060000
352.830000
350.870000
351.710000
353.230000
355.820000
353.290000
356.240000
352.750000
352.820000
349.370000
350.480000
349.070000
350.510000
351.480000
348.430000
350.540000
349.970000
352.340000
352.750000
349.570000
349.780000
350.730000
350.250000
350.540000
348.130000
346.310000
355.730000
347.410000
346.800000
347.550000
346.650000
345.180000


348.320000
351.050000
348.150000
348.330000
350.170000
351.830000
352.820000
351.340000
352.680000
354.350000
352.350000
350.130000
349.730000
348.740000
357.790000
354.180000
350.830000
353.780000
351.580000
352.930000
361.880000
355.700000
352.570000
354.240000
353.840000
353.600000
351.730000
354.730000
355.330000
352.560000
352.620000
354.710000
353.400000
355.860000
355.000000
353.750000
354.430000
354.580000
355.450000
355.510000
352.130000
354.160000
361.360000
353.300000
351.460000
351.830000
353.360000
354.890000
359.800000
351.560000
357.760000
355.120000
354.220000
355.640000
351.770000
351.070000
361.840000
353.130000
352.680000
350.250000
348.840000
348.810000


350.960000
352.480000
350.750000
353.680000
354.520000
355.310000
363.470000
356.980000
359.510000
356.230000
354.320000
351.720000
353.350000
354.230000
354.290000
356.320000
352.690000
356.440000
354.980000
358.280000
363.740000
358.890000
360.530000
355.680000
357.770000
355.000000
354.680000
355.530000
359.970000
357.890000
359.170000
357.390000
356.860000
356.210000
360.090000
357.660000
357.180000
357.130000
355.750000
357.140000
357.080000
357.410000
359.090000
358.050000
360.070000
356.060000
355.090000
355.800000
359.000000
356.400000
355.310000
357.520000
355.060000
357.420000
354.440000
358.240000
365.690000
357.200000
356.200000
352.920000
350.760000
351.350000


