2.004639	1.471145	9.888913	1.148747	3.080966	1.720054	7.531724	2.970580	3.275674	2.868465	7.071749	2.715140	2.139409	1.017151	9.760552	1.971770	3.091952	2.604358	6.548784	1.896023	4.560625	2.946532	9.965270	2.581225	4.253121	1.080752	11.288430	1.136723	3.187170	2.970153	6.447890	1.036012	2.102542	2.134495	9.095859	2.296243	4.882290	1.770104	8.280831	1.052919	5.605213	1.419813	11.167943	2.091769	5.857173	2.256386	8.236152	2.898923	2.925077	2.041658	7.396954	2.794733	3.498947	1.824305	10.465712	1.711020	3.505051	1.438002	6.426832	2.175817	4.699545	1.862819	10.930815	1.067263	
2.005005	2.127171	7.159825	2.617481	4.340037	1.959746	8.101749	2.791925	5.291360	2.493210	7.044649	2.717887	4.842006	2.027070	7.823969	1.029969	2.365612	1.728904	6.883877	1.331797	5.954100	1.891385	6.714499	1.009339	2.035646	1.755760	9.189978	2.142369	4.407056	2.214331	6.997406	2.326090	3.803156	1.704245	6.342235	2.215369	5.133274	2.605213	9.119297	1.603900	5.503891	2.453352	11.735405	2.851436	4.157414	1.284677	8.772485	1.470656	5.448958	1.419202	10.677938	2.687307	5.987182	2.999390	9.668996	1.784875	3.064852	1.594562	11.040864	1.047487	3.503464	1.185247	10.063234	1.112430	
2.005493	2.783258	10.430921	2.086154	5.599231	2.199377	8.671590	2.613269	3.306803	2.117954	7.017548	2.720573	3.544481	1.036988	11.887570	2.088229	5.639393	2.853511	7.219153	2.767693	3.347575	2.836299	9.463912	1.437452	3.818293	2.430708	7.091708	1.147954	5.626942	1.458510	7.546922	1.616169	5.503769	1.273995	9.588794	2.134556	5.384259	1.440199	9.957762	2.154881	5.402692	1.486831	6.302866	1.611103	2.457656	2.313028	9.309000	2.042451	3.972594	2.796808	7.958922	2.579882	4.475295	2.174352	8.872280	1.858730	2.624775	1.751183	9.654714	1.919156	2.307260	2.507736	9.195654	1.157537	
2.005860	1.439222	7.701834	1.554888	2.858303	2.439070	9.241432	2.434553	5.322489	1.742698	6.990448	2.723258	2.246956	2.046907	9.951170	1.146428	4.913053	1.978118	7.554430	2.203528	4.741050	1.781152	6.213141	1.865627	5.600940	1.105655	10.993622	2.153539	2.846706	2.702750	8.096438	2.906308	3.204260	2.843806	6.835170	2.053682	5.635243	2.275246	10.796228	2.705863	5.301492	2.520310	6.870510	2.370830	4.758141	1.341319	9.845332	2.614246	2.496231	2.174352	11.239906	2.472518	2.963408	1.349376	8.075564	1.932585	2.184698	1.907804	8.268563	2.790887	5.111179	1.830103	8.328074	1.202704	
2.006226	2.095309	10.973113	1.023560	4.117374	2.678762	9.811457	2.255898	3.337931	1.367443	6.963347	2.725944	4.949553	1.056764	8.014588	2.204688	4.186712	1.102664	7.889523	1.639302	2.134526	2.726066	8.962554	2.293802	3.383465	1.780663	8.895169	1.159124	4.066591	1.946928	8.645955	2.196387	4.904874	2.413556	10.081729	1.972869	5.886105	1.110233	11.634693	1.256783	5.200171	1.553789	7.438154	1.130497	3.058382	2.369671	10.381848	1.185980	5.020112	1.551897	8.520707	2.365093	5.451765	2.524400	7.278848	2.006439	5.744621	2.064364	6.882412	1.662557	3.914975	1.152532	7.460494	1.247871	
2.006592	2.751335	8.244026	2.492294	5.376568	2.918394	10.381298	2.077242	5.353618	2.992248	6.936430	2.728629	3.652028	2.066683	6.078005	1.262886	3.460372	2.227271	8.224799	1.075137	3.528001	1.670919	11.711783	2.721915	5.166112	2.455672	6.796899	2.164769	5.286477	1.191107	9.195471	1.486404	2.605365	1.983306	7.328104	1.892056	2.136967	1.945280	6.472976	1.807764	5.098972	2.587329	8.005799	1.890225	5.358867	1.397900	10.918363	1.757775	3.543748	2.929502	11.801691	2.257668	3.939879	1.699423	6.482131	2.080294	5.304544	2.220985	11.496445	2.534227	2.718772	2.475021	6.592914	1.293039	
2.007080	1.407300	11.515122	1.961028	2.635517	1.158025	10.951323	1.898587	3.369182	2.616993	6.909330	2.731315	2.354503	1.076601	10.141606	2.321146	2.734031	1.351817	8.560076	2.511032	4.921598	2.615833	8.461013	1.150029	2.948637	1.130619	10.698630	1.170293	2.506241	2.435347	9.744987	2.776543	4.306101	1.553117	10.574664	1.811182	2.387951	2.780389	7.311441	2.358745	4.997772	1.620808	8.573260	2.649953	3.659108	2.426252	11.454695	2.329569	2.067507	2.307047	9.082675	2.150243	2.427992	2.874508	11.685598	2.154149	4.864467	2.377606	10.110294	1.405896	5.522691	1.797449	11.725517	1.338145	
2.007447	2.063387	8.786035	1.429701	3.894711	1.397717	11.521165	1.719871	5.384747	2.241737	6.882229	2.734001	5.056978	2.086520	8.205023	1.379345	2.007691	2.476424	8.895352	1.946806	2.314951	1.560625	11.210425	1.578143	4.731285	1.805567	8.600360	2.175939	3.726127	1.679525	10.294504	2.066622	2.006592	1.122868	7.821039	1.730369	2.638936	1.615375	8.149907	2.909726	4.896451	2.654286	9.140904	1.409619	5.959471	1.454543	11.991211	2.901364	4.591266	1.684652	6.363475	2.042817	4.916349	2.049471	10.888882	2.228004	4.424268	2.534165	8.723960	2.277627	4.326487	1.119816	10.857936	1.383312	
2.007813	2.719413	6.056948	2.898434	5.153783	1.637410	6.091006	1.541215	3.400311	1.866420	6.855129	2.736686	3.759453	1.096377	6.268441	2.437605	5.281472	1.601032	9.230445	1.382641	3.708548	2.505539	7.959655	2.006317	2.513810	2.480575	6.501907	1.181524	4.946013	2.923826	10.843837	1.356700	3.707205	2.692679	11.067598	1.649495	2.889798	2.450423	8.988372	1.460646	4.795251	1.687765	9.708548	2.169347	4.259835	2.482894	6.527360	1.473098	3.114902	1.062197	9.644459	1.935392	3.404462	1.224494	10.092166	2.301859	3.984191	2.690786	7.337809	1.149236	3.130284	2.442305	9.990356	1.428480	
2.008301	1.375439	9.328043	2.367107	2.412854	1.877041	6.660848	1.362560	5.415876	1.491165	6.828028	2.739372	2.461928	2.106357	10.332224	1.495865	4.555132	2.725639	9.565722	2.818537	5.102023	1.450392	10.709067	2.434492	4.296457	1.155522	10.403821	2.187170	2.165777	2.168004	11.393353	2.646779	5.407819	2.262429	8.313974	1.568682	3.140782	1.285409	9.826838	2.011628	4.694052	2.721305	10.276193	2.929014	2.560076	1.511185	7.063875	2.044893	5.638783	2.439802	6.925260	1.827967	5.892697	2.399518	9.295450	2.375774	3.544115	2.847407	11.951842	2.020966	5.934202	1.764733	9.122593	1.473647	
2.008667	2.031465	6.599139	1.835841	3.672048	2.116733	7.230873	1.183844	3.431440	1.115909	6.800928	2.742058	5.164525	1.116214	8.395642	2.554125	3.828791	1.850185	9.900998	2.254311	2.495499	2.395306	7.458113	2.862606	2.078982	1.830531	8.305368	1.192694	3.385662	1.412183	11.942869	1.936857	3.108310	1.832179	11.560717	1.487808	3.391766	2.120457	10.665304	2.562609	4.592730	1.754723	10.843837	1.688681	4.860439	2.539537	7.600208	2.616688	4.162420	1.817347	10.206427	1.720542	4.380932	1.574541	8.498917	2.449629	3.104038	1.003906	10.565691	2.892636	4.737999	1.087100	8.255013	1.518754	
2.009033	2.687551	9.870235	1.304514	4.931120	2.356426	7.800714	1.005188	5.447127	2.740715	6.773827	2.744743	3.867000	2.126133	6.459059	1.612323	3.102451	2.974792	10.236091	1.690146	3.888974	1.340159	10.207526	1.290719	3.861629	2.505478	6.207099	2.198340	4.605548	2.656423	6.492203	1.226936	4.808924	1.401929	8.807093	1.406995	3.642750	2.955565	11.503769	1.113590	4.491531	2.788263	11.411481	2.448408	3.160802	1.567827	8.136723	1.188421	2.686178	1.194891	7.487228	1.613117	2.869045	2.749565	7.702200	2.523484	2.663839	1.160527	9.179540	1.764306	3.541795	2.409589	7.387432	1.563921	
2.009400	1.343516	7.141148	2.773247	2.190191	2.596118	8.370739	2.826594	3.462569	2.365459	6.746727	2.747429	2.569475	1.136052	10.522660	2.670583	2.376110	2.099399	10.571368	1.125980	5.282571	2.285073	6.956755	1.718833	5.644276	1.180425	10.108829	1.203925	5.825434	1.900601	7.041719	2.517075	2.509415	2.971740	6.053468	1.326182	3.893612	1.790551	6.342051	1.664571	4.390332	1.821741	11.978942	1.208075	5.461165	2.596179	8.673055	1.760216	5.209937	2.572497	10.768212	1.505692	5.357280	1.924589	6.905484	2.597339	2.223762	1.317148	7.793390	2.636036	2.345592	1.732017	6.519852	1.609088	
2.009888	1.999542	10.412244	2.241981	3.449263	2.835749	8.940580	2.647938	5.478256	1.990204	6.719626	2.750114	5.272073	2.145970	8.586077	1.728782	5.649892	1.223945	10.906644	2.561815	2.675924	1.229926	9.706168	2.147008	3.426801	1.855434	8.010559	2.209510	3.045198	1.144780	7.591235	1.807093	4.210028	2.541490	9.300027	1.245308	4.144597	2.625599	7.180517	2.215552	4.289010	2.855220	6.546403	1.967803	3.761406	1.624409	9.209571	2.331950	3.733573	1.950041	8.049196	1.398267	3.845393	1.099551	6.108768	2.671194	5.783807	1.473708	6.407239	1.507645	5.149510	1.054445	11.652455	1.654256	
2.010254	2.655629	7.683157	1.710654	4.708457	1.075381	9.510422	2.469222	3.493698	1.614948	6.692526	2.752800	3.974548	1.155828	6.649495	2.787042	4.923429	2.348552	11.241920	1.997650	4.069521	2.174841	6.455397	2.575182	5.209449	2.530442	11.912473	1.215094	4.265084	2.389019	8.140751	1.097171	5.910642	2.111240	6.546403	1.164495	4.395581	1.460585	8.018983	2.766533	4.187811	1.888699	7.114048	2.727531	2.061769	2.652760	9.745903	2.903745	2.257332	1.327586	11.330180	1.290841	2.333628	2.274636	11.312235	2.745048	5.343608	1.630329	11.021271	2.379376	3.953429	2.376873	10.784875	1.699362	
2.010620	1.311594	10.954253	1.179327	5.967528	1.315073	10.080447	2.290567	5.509384	1.239692	6.665609	2.755486	2.676901	2.165807	10.713279	1.845241	4.197089	1.473098	11.577013	1.433485	5.462996	1.119694	9.204810	1.003235	2.991974	1.205390	9.814020	2.220740	5.484848	1.633198	8.690268	2.387310	3.611133	1.680990	9.792962	1.083621	4.646565	2.295694	8.857448	1.317454	4.086612	2.922239	7.681692	1.487197	4.362133	1.681051	10.282418	1.475478	4.781091	2.705191	8.610981	1.183416	4.821863	1.449599	10.515519	2.818903	4.903531	1.786950	9.635121	1.251045	2.757225	1.699301	9.917295	1.744530	
2.010987	1.967681	8.225349	2.648122	3.226600	1.554765	10.650288	2.111911	3.524827	2.864498	6.638508	2.758171	5.379498	1.175665	8.776696	2.903500	3.470748	2.597705	11.912290	2.869320	2.856471	2.064608	11.954039	1.431410	4.774621	1.880337	7.715751	1.226264	2.704611	2.877438	9.239784	1.677389	5.311747	1.250801	7.039338	1.002808	4.897427	1.130680	9.695914	1.868435	3.985290	1.955657	8.249336	2.246925	2.662496	2.709403	10.818934	2.047273	3.304727	2.082736	11.891964	1.075991	3.309977	2.624683	9.718802	2.892758	4.463454	1.943510	8.248787	2.122715	5.561144	1.021729	9.049715	1.789697	
2.011475	2.623707	11.496445	2.116794	4.485794	1.794397	11.220313	1.933256	5.540513	2.489242	6.611408	2.760857	4.081973	2.185583	6.840114	1.961699	2.744407	1.722312	6.247383	2.305155	4.249947	1.009461	8.703269	1.859523	2.557146	2.555345	11.617481	2.231910	3.924497	2.121616	9.789300	2.967467	3.012238	2.820612	10.285897	2.922056	5.148412	1.965728	10.534379	2.419416	3.884091	2.989196	8.816797	1.006592	4.962859	1.737693	11.355266	2.619068	5.828608	1.460280	9.172948	2.968627	5.798334	1.799707	8.922086	2.966613	4.023255	2.100131	6.862636	2.994446	4.364940	2.344218	8.182134	1.834864	
2.011841	1.279672	8.767357	1.585467	5.744865	2.034089	11.790155	1.754540	3.556078	2.113987	6.584307	2.763543	2.784448	1.195502	10.903714	1.019898	2.018067	2.846919	6.582659	1.740989	5.643544	1.954375	11.452681	2.287698	4.339793	1.230293	9.519211	1.237495	5.144383	1.365795	10.338816	2.257546	4.712851	2.390362	7.532273	2.841182	5.399396	2.800775	11.372845	2.970397	3.782891	2.022675	9.384442	1.766259	3.263100	2.766045	11.891781	1.190802	4.352245	2.837886	6.453749	2.861263	4.286447	2.974731	8.125370	1.040407	3.583178	2.256752	11.476669	1.866115	3.168737	1.666585	7.314554	1.879971	
2.012207	1.935759	6.038270	1.054201	3.003937	2.273782	6.359996	1.575884	5.571642	1.738731	6.557207	2.766228	5.487045	2.205420	8.967132	2.078158	5.291849	1.971465	6.917753	1.176763	3.036897	2.899289	8.201910	2.715873	2.122318	1.905301	7.420759	2.243080	2.364147	2.610034	10.888333	1.547624	2.413343	1.960112	10.778832	2.760369	5.650380	1.635762	6.211127	1.521317	3.681570	1.056093	9.952086	2.525987	5.563585	1.794336	6.427931	1.762597	2.876003	2.215430	9.734733	2.753838	2.774560	2.149754	7.328654	1.114261	3.143101	2.413312	10.090518	2.737785	5.972655	2.989074	6.446974	1.925138	
2.012574	2.591784	9.309366	2.522935	4.263009	2.513413	6.929838	1.397229	3.587207	1.363475	6.530107	2.768914	4.189520	1.215278	7.030549	1.136418	4.565508	1.096011	7.253029	2.612659	4.430494	1.844142	10.951323	1.143925	3.904965	2.580248	11.322672	1.248665	3.584033	1.854213	11.437849	2.837703	4.113956	1.529862	8.025208	2.679495	5.901242	2.470870	7.049593	2.072298	3.580370	2.089633	10.519730	1.285653	3.863826	2.822626	6.964446	2.334391	5.399762	1.592975	7.015534	2.646413	5.262917	1.324717	6.531938	1.188116	2.702902	2.569933	8.704367	1.609455	4.776452	2.311502	11.579577	1.970305	
2.013062	1.247810	6.580279	1.991607	5.522202	2.753105	7.499863	1.218513	5.602771	2.988281	6.503006	2.771599	2.891995	2.225257	11.094333	2.194678	3.839167	2.220679	7.588305	2.048494	5.823969	2.789056	7.700552	1.572100	5.687613	1.255196	9.224219	2.254311	4.803919	1.098392	11.987365	2.127781	5.814570	1.099612	11.271767	2.598682	2.152104	1.305857	7.888058	2.623280	3.479171	1.123112	11.087374	2.045381	2.164068	1.850917	7.500778	2.906186	3.923399	2.970580	10.296701	2.538987	3.751030	2.499802	11.735405	1.261971	2.262825	2.726554	7.318216	2.481185	3.580248	1.633930	10.711997	2.015473	
2.013428	1.903836	9.851558	1.460341	2.781152	2.992798	8.069704	1.039857	3.618336	2.613025	6.475906	2.774346	5.594592	1.235115	9.157750	1.252876	3.112827	1.345225	7.923399	1.484268	3.217444	1.733909	10.449782	2.000214	3.470138	1.930204	7.125950	1.259835	2.023682	2.342631	6.536699	1.417859	3.515061	2.669424	8.518143	2.517869	2.403088	2.140904	8.726524	1.174200	3.377850	2.156652	11.655019	2.805109	4.464553	2.879269	8.037294	1.477920	2.447157	2.348125	7.577502	2.431562	2.239143	1.674764	10.938688	1.335826	5.822871	2.883114	11.932249	1.352794	2.384045	2.956359	9.844417	2.060579	
2.013794	2.559862	7.122471	2.929075	4.040345	1.232429	8.639546	2.861263	5.634022	2.237709	6.448805	2.777032	4.296945	2.245033	7.221168	2.311136	2.386486	2.469832	8.258675	2.920164	4.610920	2.678762	7.199011	2.428388	5.252785	2.605213	11.027863	2.265481	3.243568	1.586871	7.086215	2.707999	5.215674	2.239174	11.764885	2.436995	2.654073	2.975951	9.564989	1.725181	3.276650	1.190069	6.222297	1.564776	2.764794	1.907559	8.573626	2.049715	4.970916	1.725669	10.858486	2.324137	4.727500	2.849849	10.141972	1.409680	5.382672	1.039674	10.546098	2.224525	5.187963	2.278787	8.976836	2.105747	
2.014161	1.215888	10.393567	2.397748	5.299539	1.472060	9.209571	2.682608	3.649464	1.862453	6.421705	2.779717	2.999420	1.254952	11.284768	1.369335	5.660268	1.594378	8.593951	2.355998	2.004395	1.623615	9.948424	2.856563	3.035310	1.280160	8.929411	1.271065	4.463454	2.831111	7.635731	1.998016	2.916166	1.808924	9.011261	2.356182	2.904935	1.810938	10.403455	2.276162	3.175451	2.223609	6.789941	2.324503	5.065157	2.935911	9.110141	2.621509	3.494675	1.103214	8.139286	2.216712	3.215613	2.024812	9.345256	1.483535	4.942595	1.196295	9.159948	1.096194	3.991760	1.601215	8.109256	2.150914	
2.014649	1.871914	7.664480	1.866420	2.558489	1.711753	9.779412	2.503891	5.665151	1.487197	6.394604	2.782403	5.702017	2.264870	9.348186	2.427595	4.933927	2.718986	8.929228	1.791772	3.397870	2.568529	6.697653	1.284616	4.817957	1.955107	6.831141	2.276650	5.683340	2.075289	8.185247	1.288095	4.616779	1.378735	6.257637	2.275307	3.155919	2.646046	11.241920	2.827143	3.074129	1.257088	7.357585	1.084170	3.365520	1.964202	9.646474	1.193243	2.018311	2.480819	11.420454	2.109287	5.703848	1.199835	8.548540	1.557390	4.502518	1.352855	7.773797	1.967864	2.795557	2.923643	7.241676	2.196020	
2.015015	2.528001	10.935575	1.335154	3.817682	1.951445	10.349437	2.325236	3.680593	1.111942	6.367687	2.785089	4.404492	1.274728	7.411603	1.485794	4.207587	1.843593	9.264321	1.227607	4.791467	1.513382	9.447066	1.712790	2.600482	2.630116	10.732871	1.282235	2.903104	1.319468	8.734581	2.578234	2.317270	2.948546	9.504196	2.194494	3.406903	1.481033	6.080203	1.378063	2.972930	2.290567	7.925230	1.843898	5.665883	2.992553	10.182989	1.765038	4.542070	1.858364	8.701254	2.001862	4.191961	2.374859	7.751823	1.631245	4.062319	1.509476	6.387463	2.839595	5.599475	2.246071	6.374096	2.241188	
2.015381	1.183966	8.206488	2.803888	5.076754	2.191137	10.919279	2.146580	5.696280	2.736747	6.340587	2.787774	3.106967	2.284707	11.475387	2.544053	3.481246	2.968200	9.599597	2.663503	2.184942	2.458296	6.196295	2.140904	4.383129	1.305063	8.634602	2.287881	4.122990	2.563707	9.284097	1.868313	4.017884	2.518296	6.750572	2.113620	3.657888	2.316080	6.918668	1.929044	2.871731	1.324046	8.492874	2.603565	3.966247	2.020844	10.719321	2.336833	3.065828	1.235908	11.982238	1.894436	2.680197	1.549883	6.955107	1.705100	3.622242	1.666097	11.001495	1.711264	4.403272	1.568499	11.506699	2.286355	
2.015870	1.839991	11.477767	2.272561	2.335826	2.430769	11.489303	1.967925	3.711844	2.361492	6.313486	2.790460	5.809565	1.294565	9.538804	1.602252	2.754906	2.092746	9.934874	2.099277	3.578417	1.403150	8.945524	2.569079	2.165654	1.980071	6.536149	1.293466	5.342875	1.807886	9.833613	1.158330	5.718497	2.088046	9.997131	2.032807	3.908750	1.151067	7.757134	2.480026	2.770531	2.357585	9.060335	1.363231	2.266488	1.049074	11.255837	2.908628	5.589587	2.613514	9.263039	1.787011	5.168432	2.724906	6.158391	1.778954	3.182165	1.822657	9.615345	2.582934	3.207190	2.890988	10.638936	2.331523	
2.016236	2.496078	8.748680	1.741295	3.594897	2.670461	6.058962	1.789209	5.727409	1.986236	6.286386	2.793146	4.512040	2.304483	7.602222	2.660512	2.028565	1.217292	10.269967	1.535112	4.972015	2.348064	11.694937	2.997192	3.948302	2.655019	10.438063	2.299051	2.562639	1.052065	10.383129	2.448469	3.418989	1.657796	7.243507	1.951994	4.159734	1.986114	8.595599	1.030946	2.669210	1.391003	9.627979	2.122959	4.566851	2.077425	11.792352	1.480361	4.113346	1.991119	6.544023	1.679586	3.656545	1.899930	11.361858	1.852809	2.741966	1.979278	8.229194	1.454604	2.010987	2.213355	9.771355	2.376629	
2.016602	1.152043	6.019593	1.209967	4.854091	2.910154	6.628986	1.610553	3.742973	1.610981	6.259285	2.795831	3.214515	1.314402	11.665822	1.718711	5.302347	2.341960	10.605243	2.971007	2.365368	1.292917	8.444166	1.425306	5.730949	1.329966	8.339610	1.304636	3.782525	2.296304	10.932646	1.738548	5.119602	1.227546	10.490066	1.871120	4.410718	2.821223	9.434065	1.581927	2.568010	2.424543	10.195624	2.882687	2.867214	1.105716	6.328501	2.052156	2.636982	1.368664	9.825007	1.572161	2.144780	1.074953	10.565142	1.926664	2.301889	2.135899	6.843043	2.326273	4.814905	1.535783	8.903775	2.421796	
2.016968	1.808130	9.290689	2.678701	2.113163	1.149724	7.198828	1.431898	5.758538	1.235725	6.232185	2.798517	5.916990	2.324320	9.729240	2.777032	4.576006	1.466506	10.940519	2.406781	3.758965	2.237831	11.193579	1.853481	3.513474	2.004975	6.241340	2.310282	5.002411	1.540483	11.482162	1.028626	2.820093	2.797357	7.736442	1.790307	4.661702	1.656209	10.272530	2.132908	2.466811	1.458022	10.763268	1.642354	5.167577	2.134068	6.865017	2.623951	5.160741	2.746269	7.105808	1.464736	4.633015	2.249977	9.768426	2.000519	5.861934	2.292459	11.457076	1.197943	3.618702	2.858272	8.036195	2.466964	
2.017457	2.464156	6.561602	2.147435	3.372234	1.389416	7.768853	1.253182	3.774102	2.860530	6.205084	2.801202	4.619465	1.334178	7.792657	1.835231	3.849666	2.591113	11.275796	1.842616	5.152440	1.182684	7.942808	2.281594	5.296121	2.679983	10.143071	1.315806	2.222175	2.784722	6.031495	2.318705	4.520707	2.367107	10.983001	1.709433	4.912564	2.491256	11.110996	2.683889	2.365490	2.491501	11.330912	2.402081	3.467818	1.162358	7.401349	1.195685	3.684500	2.123814	10.386792	1.357372	3.121128	1.425001	8.971709	2.074374	5.421735	2.449080	10.070925	2.069674	2.422498	2.180700	7.168615	2.512131	
2.017823	1.120121	9.832881	1.616108	4.631428	1.629109	8.338694	1.074526	5.789666	2.485275	6.177984	2.803888	3.321940	2.344157	11.856258	2.893490	3.123325	1.715659	11.610889	1.278451	2.545915	2.127598	10.692038	2.709769	3.078646	1.354930	8.044801	2.321451	3.442061	2.028901	6.581011	1.608783	2.221198	1.936857	8.229377	1.628620	5.163549	1.326243	11.949461	1.234809	2.264290	1.524979	11.898373	1.161748	5.768303	2.190710	7.937864	1.767479	2.208136	1.501358	7.667776	1.249947	5.609485	2.600024	8.174993	2.148228	4.981658	2.605701	8.684774	2.941343	5.226417	1.503067	6.301035	2.557237	
2.018189	1.776208	7.103793	1.084780	5.890500	1.868801	8.908536	2.895932	3.805231	2.110019	6.150884	2.806574	2.024415	1.354015	9.919858	1.951689	2.396985	2.840327	11.946165	2.714286	3.939390	1.072451	7.441267	1.137822	4.861293	2.029878	11.946715	1.327036	4.661946	1.273080	7.130528	2.898923	3.921812	1.506607	11.475936	1.547807	5.414533	2.161290	6.787744	1.785791	2.163091	2.558519	6.465835	1.921476	4.068545	1.219001	8.474197	2.339274	4.731895	2.878964	10.948759	1.142521	4.097598	1.775048	7.378277	2.222083	4.541581	2.762261	7.298624	1.813013	4.030213	2.825556	11.433638	2.602405	
2.018555	2.432234	10.374889	2.553575	3.149571	2.108432	9.478561	2.717277	5.820917	1.734764	6.123783	2.809259	4.727012	2.363933	7.983276	1.009888	5.670766	1.964873	6.281259	2.150121	5.332987	2.017365	10.190680	1.565996	2.643818	2.704886	9.848262	2.332621	5.881832	2.517319	7.680044	2.189001	5.622425	1.076418	8.722312	1.466933	5.665517	2.996399	7.626209	2.336772	2.061769	1.591998	7.033479	2.681143	2.368786	2.247291	9.010712	2.911069	3.255654	2.256508	8.229560	1.035096	2.585711	2.950072	6.581561	2.295938	4.101505	2.918882	11.912473	2.684744	2.834010	2.147984	10.566057	2.647572	
2.019044	1.088260	7.645802	2.022248	4.408643	2.348125	10.048402	2.538560	3.836360	1.359508	6.096683	2.811945	3.429487	1.373852	6.046693	2.068148	4.944426	1.089419	6.616352	1.585955	2.726341	2.962279	6.939909	1.994171	4.426466	1.379833	7.749992	1.338206	3.101596	1.761498	8.229560	1.479019	3.323038	2.646229	11.969054	1.386120	5.916379	1.831385	8.464858	2.887753	5.960692	2.625477	7.601123	1.440809	4.669271	1.275582	9.547044	1.482803	5.779412	1.634053	11.510544	2.927732	5.073946	2.125095	11.785028	2.369793	3.661306	1.075442	10.526322	1.556352	5.637928	1.470351	9.698477	2.692740	
2.019410	1.744285	10.916898	1.490921	5.667837	2.587817	10.618427	2.359905	5.852046	2.984313	6.069765	2.814631	2.131962	2.383770	10.110294	1.126347	4.218085	2.214026	6.951628	1.021729	4.119938	1.907132	9.689322	2.422285	2.208991	2.054842	11.651723	2.343852	4.321482	1.005676	8.779077	2.769158	5.023652	2.215979	9.215430	1.305246	2.167241	2.666433	9.303323	1.438673	5.859493	1.658956	8.168767	2.200537	2.969512	2.303934	10.083560	2.054598	4.303171	1.011597	8.791528	2.820307	3.562181	1.300058	10.988311	2.443648	3.221229	1.232002	9.140172	2.428083	4.441725	2.792840	8.830897	2.737846	
2.019776	2.400311	8.187811	2.959716	2.926908	2.827509	11.188269	2.181249	3.867489	2.608997	6.042665	2.817316	4.834559	1.393628	8.173711	2.184606	3.491745	1.338572	7.286905	2.457625	5.513413	2.852046	6.438551	2.850459	3.991638	2.729850	9.553453	1.349376	5.541368	2.249916	9.328593	2.059236	2.724143	1.785730	6.461806	1.224433	2.418226	1.501419	10.141789	1.989654	5.758171	2.692495	8.736412	2.960265	5.269997	1.332224	10.619892	2.626331	2.826807	2.389203	6.072329	2.712882	2.050295	2.475143	10.191595	2.517502	2.781152	1.388623	7.754021	1.299753	3.245521	2.115268	7.963317	2.783013	
2.020142	1.056337	11.459090	2.428388	4.185980	1.067080	11.758293	2.002594	5.883175	2.233741	6.015564	2.820002	3.536912	2.403607	6.237129	1.242805	2.765404	2.463240	7.622181	1.893460	2.906888	1.796838	9.187780	1.278512	5.774163	1.404736	7.455000	2.355022	2.761132	1.494156	9.878109	1.349315	4.424757	1.355480	9.708365	1.143620	2.669210	2.336528	10.980255	2.540635	5.656972	1.725913	9.303873	1.719932	3.570238	2.360576	11.156407	1.198065	5.350566	1.766747	9.353313	2.605457	4.538530	1.650105	9.394879	2.591357	2.340953	1.545244	6.367870	2.171422	2.049318	1.437696	7.095737	2.828181	
2.020631	1.712363	8.730003	1.897061	5.445173	1.306772	6.327952	1.823878	3.898740	1.858486	11.988647	2.822687	2.239387	1.413465	10.300913	2.301065	2.039064	1.587786	7.957274	1.329234	4.300363	2.741752	11.937193	1.706687	3.556688	2.079745	11.356914	1.360607	3.981017	2.738395	10.427625	2.639393	2.125248	2.925291	6.954741	1.062746	2.920072	1.171514	11.818720	1.091556	5.555773	2.759453	9.871517	2.479659	5.870602	1.388867	11.692740	1.769860	3.874325	1.144292	6.634114	2.498032	3.026765	2.825190	8.598163	2.665212	5.900998	1.701804	10.981903	1.043092	4.853236	2.760125	6.228156	2.873348	
2.020997	2.368450	6.000916	1.365734	2.704123	1.546464	6.897977	1.645222	5.914304	1.483230	11.961547	2.825373	4.941984	2.423383	8.364330	1.359264	5.312845	2.712394	8.292550	2.765130	5.693960	1.686605	8.686422	2.134861	5.339335	2.754753	9.258461	2.366192	5.200781	1.982574	10.977142	1.929472	3.825861	2.495041	10.201300	2.981994	3.171056	2.006561	6.657002	1.642537	5.454451	1.792932	10.439161	1.239326	4.170965	2.417219	6.229072	2.341655	2.397961	2.521897	9.915281	2.390606	5.515000	2.000214	7.801447	2.739067	5.460921	1.858425	9.595752	1.914823	3.657155	2.082553	11.360759	2.918455	
2.021363	1.024415	9.272011	2.834529	3.963317	1.786096	7.467818	1.466567	3.929868	1.107974	11.934446	2.828059	3.644459	1.433302	6.427747	2.417585	4.586505	1.836940	8.627827	2.200964	3.087313	2.631520	11.435835	2.562975	3.121860	1.429701	7.160192	1.371776	2.420545	1.226753	11.526658	1.219550	5.526475	2.064791	7.447676	2.901120	3.422040	2.841609	7.495468	2.193579	5.353252	2.826411	11.006806	1.999054	2.471206	1.445509	6.765587	2.913450	4.921842	1.899442	7.196081	2.283181	4.003113	1.175176	7.004730	2.812922	5.020722	2.015046	8.209601	2.786493	2.460952	1.404981	10.493179	2.963622	
2.021851	1.680502	6.542924	2.303201	5.222388	2.025788	8.037660	1.287851	5.945433	2.732780	11.907346	2.830744	2.346934	2.443220	10.491348	1.475784	3.860164	2.961608	8.963103	1.636799	4.480911	1.576373	8.185064	2.991150	4.904508	2.104648	11.061922	2.377422	3.640431	2.470992	6.075991	2.509690	3.226966	1.634541	10.694235	2.820307	3.673025	1.676595	8.333934	2.744560	5.252052	1.859890	11.574450	2.758782	4.771569	2.473800	7.301920	1.485183	3.445479	1.276986	10.477065	2.175756	2.491348	2.350261	6.208014	2.886776	4.580645	2.171606	6.823450	1.658162	5.264870	2.727470	9.625599	1.008728	
2.022217	2.336528	9.814020	1.771874	2.481460	2.265481	8.607685	1.109195	3.960997	2.357524	11.880245	2.833491	5.049532	1.453078	8.554765	2.534043	3.133824	2.086154	9.298196	1.072573	5.874386	2.521287	10.934477	1.419202	2.687033	2.779656	8.963652	1.382946	4.860317	1.715171	6.625324	1.799707	4.927580	1.204352	7.940611	2.739433	3.923887	2.511704	9.172399	1.295480	5.150731	2.893429	6.141728	1.518387	3.071932	1.502091	7.838435	2.056978	5.969237	2.654592	7.757866	2.068331	4.979583	1.525224	11.411481	2.960692	4.140568	2.328227	11.437483	2.529893	4.068667	2.049837	8.758019	1.053835	
2.022584	2.992553	7.085116	1.240608	3.740654	2.505173	9.177526	2.930601	5.976684	1.982269	11.853145	2.836177	3.752007	2.463057	6.618183	1.592242	2.407483	1.210700	9.633473	2.508469	3.267861	1.466140	7.683523	1.847377	4.469680	1.454604	6.865383	2.388592	2.080081	2.959410	7.174841	1.089785	2.628071	2.774163	11.187170	2.658620	4.174871	1.346690	10.010865	1.846461	5.049532	1.926847	6.709372	2.278115	5.372295	2.530442	8.374767	2.628773	4.492996	2.032136	11.039033	1.960906	3.467696	2.700308	10.614765	1.034486	3.700369	2.484848	10.051149	1.401502	2.872463	1.372265	7.890439	1.099002	
2.022950	1.648579	10.356212	2.709342	4.999725	2.744804	9.747551	2.751946	3.992126	1.607013	11.826044	2.838862	2.454482	1.472915	10.681967	2.650502	5.681265	2.335307	9.968749	1.944304	4.661336	2.411054	10.432936	2.275552	2.252205	2.129612	10.767113	1.394177	3.299966	2.203589	7.724357	2.379925	4.328684	2.343913	8.433546	2.577807	4.425855	2.181738	10.849330	2.397443	4.948332	2.960387	7.277017	1.037782	3.672536	1.558733	8.911283	1.200507	3.016633	1.409680	8.319834	1.853542	5.956053	1.875271	9.818049	1.108341	3.260292	2.641408	8.664998	2.273232	5.676382	2.694754	7.022858	1.144169	
2.023438	2.304605	7.627125	2.178014	2.258797	2.984497	10.317392	2.573229	2.007691	1.231758	11.799127	2.841548	5.156957	2.482833	8.745384	1.708701	4.954924	1.459853	10.303842	1.380078	2.054811	1.355907	7.182165	2.703665	4.034852	2.804621	8.668844	2.399823	4.519852	1.447768	8.273873	1.670003	2.029176	1.913663	11.680105	2.496933	4.676840	1.016724	11.687796	2.948424	4.847011	1.993866	7.844661	1.797510	5.973022	2.587085	9.447615	1.772301	5.540391	2.787286	11.600818	1.746117	4.444166	1.050295	9.021332	1.182196	2.820215	2.798029	7.278848	1.144841	4.480178	2.017182	6.155095	1.189337	
2.023804	2.960692	10.898221	1.646748	3.517869	1.224128	10.887417	2.394574	4.023255	2.856563	11.772027	2.844234	3.859432	1.492752	6.808802	2.766961	4.228584	2.584521	10.639119	2.815973	3.448286	2.300821	9.931578	1.131779	5.817499	1.479507	6.570391	1.405347	5.739738	2.692007	8.823389	2.960082	3.729789	1.483413	8.926664	2.416120	4.927702	1.851772	6.526078	1.499344	4.745811	1.027345	8.412305	2.557237	4.273263	1.615375	9.984130	2.344096	4.064150	2.164830	8.881619	1.638691	2.932279	2.225318	8.224616	1.256050	2.380016	2.954649	11.892880	2.016572	3.283975	1.339549	11.287698	1.234443	
2.024171	1.616657	8.169134	1.115421	4.777062	1.463820	11.457259	2.215918	2.038820	2.481307	11.744926	2.846919	2.561907	2.502670	10.872402	1.825159	3.502243	1.709067	10.974395	2.251808	4.841884	1.245674	6.680807	1.559893	3.600024	2.154515	10.472304	2.410993	2.959502	1.936186	9.372906	2.250160	5.430403	1.053163	6.173040	2.335246	5.178686	2.686880	7.364544	2.050325	4.644612	2.060823	8.979949	1.316904	2.573504	2.643727	10.520463	2.915891	2.587786	1.542375	6.162603	1.531266	5.420515	1.400342	7.427900	1.329905	5.940062	1.111148	10.506729	2.888302	2.087771	2.662038	10.420118	1.279611	
2.024537	2.272683	11.440229	2.584155	2.036134	1.703452	6.027100	2.037263	4.054506	2.106052	11.717826	2.849605	5.264504	1.512528	8.935820	2.883419	2.775903	2.833674	11.309671	1.687582	2.235237	2.190588	9.430219	1.988067	5.382672	2.829524	8.373852	1.416578	4.179388	1.180364	9.922422	1.540239	3.130894	2.622974	9.419599	2.254433	5.429670	1.521867	8.203009	2.601306	4.543291	1.094302	9.547411	2.076632	4.873989	1.671957	11.056978	1.487625	5.111667	2.919980	9.443587	1.423841	3.908750	2.575365	6.631184	1.403760	5.499985	1.267769	9.120579	1.759911	4.891690	1.984466	9.552538	1.324778	
2.025025	2.928770	8.711325	2.052889	3.295206	1.943144	6.596942	1.858547	2.069948	1.730796	11.690725	2.852290	3.966979	2.522446	6.999237	1.941618	2.049562	1.958220	11.644765	1.123417	3.628834	1.135441	6.179266	2.416242	3.165197	1.504471	6.275582	2.422163	5.399274	2.424604	10.471938	2.830378	4.831507	2.192724	6.665975	2.173620	5.680654	2.356914	9.041475	1.152226	4.442091	2.127842	10.115055	2.836360	3.174230	2.700308	11.593310	2.059420	3.635304	2.297586	6.724387	1.316416	2.396863	1.750389	11.834651	1.477615	5.059786	1.424390	7.734428	2.631642	3.695486	1.306833	8.684957	1.369945	
2.025391	1.584735	11.982421	1.521561	4.554399	2.182836	7.166967	1.679891	4.085635	1.355480	11.663625	2.854976	2.669454	1.532365	11.063021	2.999878	5.323344	1.082827	11.980041	2.559313	5.022309	2.080355	8.928678	2.844356	4.947844	2.179418	10.177313	1.427747	2.619037	1.668783	11.021455	2.120396	2.531999	1.762474	9.912534	2.092746	5.931516	1.191900	9.879940	1.703207	4.340892	1.161260	10.682699	1.596026	5.474715	1.728599	6.129643	2.631214	2.158940	1.675130	10.005371	1.208991	4.885098	2.925413	11.037935	1.551469	4.619709	1.580950	6.348277	1.503311	2.499283	2.629322	7.817377	1.415052	
2.025758	2.240822	9.253334	2.990295	5.813471	2.422529	7.736808	1.501236	2.101077	2.980285	11.636525	2.857662	5.372051	2.542283	9.126438	2.058138	4.597003	2.207434	6.315134	1.995087	2.415784	1.025208	11.678091	1.272469	2.730369	2.854427	8.079043	2.433393	3.838923	2.913022	11.570971	1.410474	4.232612	1.332224	7.158910	2.011933	2.182379	2.026948	10.718406	2.254189	4.239570	2.194800	11.250343	2.355693	3.774957	2.756951	6.665975	1.202948	4.682821	1.052675	7.286355	1.101566	3.373333	2.100436	10.241218	1.625324	4.179632	1.737571	10.962310	2.374981	5.303201	1.951750	6.949797	1.460219	
2.026124	2.896847	6.524247	2.459029	3.072542	2.662160	8.306650	1.322520	4.116764	2.605029	11.609424	2.860347	4.074526	1.552141	7.189856	1.116337	3.870663	1.331980	6.650227	1.430921	3.809259	1.970122	8.427320	1.700583	4.513016	1.529374	11.980773	1.438917	5.058809	2.157262	6.120304	2.700613	5.933226	2.902097	10.405469	1.931059	2.433363	2.862056	11.556871	2.805170	4.138371	1.228278	11.817988	1.115360	2.075198	1.785241	7.202490	1.774743	3.206458	2.430280	10.567339	2.994201	5.861568	1.275460	9.444502	1.699179	3.739433	1.894192	9.575976	1.246651	4.106998	1.274178	6.082217	1.505387	
2.026612	1.552812	9.795343	1.927702	4.331614	2.901852	8.876675	1.143864	2.132206	2.229774	11.582324	2.863033	2.776879	2.562120	11.253456	2.174596	3.144322	2.456587	6.985504	2.866817	5.202857	2.914975	11.176733	2.128758	2.295541	2.204382	9.882504	2.444563	2.278573	1.401440	6.669820	1.990692	3.633717	2.471847	7.651845	1.850246	2.684347	1.697043	6.395154	1.356090	4.037172	2.261757	6.385266	1.875088	4.375683	2.813593	7.739006	2.346538	5.730338	1.807825	7.848140	2.886776	4.349681	2.450484	8.647786	1.773034	3.299356	2.050752	8.189825	2.118381	2.910916	2.596606	11.214820	1.550554	
2.026978	2.208899	7.066256	1.396374	5.590808	1.141484	9.446516	2.965270	4.147893	1.854518	11.555223	2.865719	5.479476	1.571978	9.316874	1.232795	2.417982	1.581133	7.320780	2.302591	2.596210	1.859828	7.925962	2.556932	4.078188	2.879391	7.784234	1.450148	3.498459	2.645680	7.219337	1.280709	5.334330	2.041597	10.898404	1.769433	2.935209	2.532090	7.233619	1.907071	3.935850	1.295236	6.952910	2.634816	2.675924	1.841884	8.275338	2.918332	4.253975	1.185369	11.129124	2.779351	2.837916	1.625507	7.851070	1.846889	2.859279	2.207373	6.803674	2.990051	5.714835	1.919034	10.347240	1.595660	
2.027345	2.864925	10.337535	2.865169	2.849879	1.381115	10.016541	2.786615	2.163457	1.479263	11.528123	2.868404	4.181951	2.581896	7.380291	2.291055	5.691763	2.705802	7.656056	1.738426	3.989807	2.804743	10.675192	2.985046	5.860836	1.554277	11.685965	2.455733	4.718345	1.889859	7.768853	2.570849	3.034822	1.611347	8.144780	1.688559	3.186193	1.367077	8.072085	2.458052	3.834651	2.328776	7.520554	1.394482	4.976287	2.870235	8.811853	1.490066	2.777612	2.562975	8.410108	2.671926	5.326151	2.800531	7.054353	1.920743	2.419080	2.363994	11.417707	1.861721	4.518632	1.241462	9.479659	1.640828	
2.027833	1.520951	7.608448	2.333842	4.108951	1.620808	10.586383	2.607898	4.179022	1.104007	11.501205	2.871090	2.884426	1.591815	11.444075	1.349254	4.965423	1.830348	7.991150	1.174261	5.383282	1.749596	7.424421	1.413160	3.643361	2.229286	9.587695	1.461318	5.938231	1.134037	8.318369	1.860927	4.735435	1.181097	11.391339	1.607746	3.437178	2.202124	8.910550	1.008972	3.733451	1.362194	8.088198	2.154210	3.276650	1.898465	9.348186	2.061861	5.301492	1.940519	11.691092	2.564501	3.814264	1.975555	6.257637	1.994598	5.979125	2.520554	10.031556	2.733451	3.322428	2.563952	8.612079	1.685995	
2.028199	2.176977	10.879543	1.802515	5.368145	1.860500	11.156407	2.429243	2.194586	2.728813	11.474105	2.873775	5.587024	2.601733	9.507492	2.407514	4.239082	2.954955	8.326426	2.610096	2.776757	2.694510	10.173833	1.841273	5.426008	2.904294	7.489242	2.466964	3.157994	2.378277	8.867885	1.151006	2.435926	2.750908	8.637715	1.526872	3.688162	1.037172	9.749016	1.559954	3.632130	2.395734	8.655843	2.913938	5.577013	2.926817	9.884701	2.633656	3.825129	1.318064	8.971892	2.457076	2.302377	1.150517	11.461104	2.068453	5.539048	2.677175	8.645405	1.605060	2.126225	1.886319	7.744499	1.731162	
2.028565	2.833003	8.150456	1.271187	2.627094	2.100192	11.726249	2.250587	4.210150	2.353557	11.447005	2.876461	4.289499	1.611591	7.570910	1.465712	3.512741	2.079501	8.661702	2.045930	4.170232	1.639363	6.923063	2.269448	3.208533	1.579241	11.391156	1.472488	4.377880	1.622456	9.417402	2.441084	4.136540	2.320658	11.884274	1.446059	3.939024	1.872219	10.587481	2.110935	3.530931	1.429212	9.223304	1.673605	3.877255	1.955107	10.421033	1.205390	2.348766	2.695669	6.252693	2.349712	4.790735	2.325602	10.664388	2.142308	5.098849	2.833796	7.259255	2.476791	4.930143	1.208747	6.876919	1.776269	
2.028932	1.489029	11.421552	2.739982	3.886288	2.339824	6.296091	2.071871	2.225715	1.978301	11.419904	2.879147	2.991974	2.621570	11.634510	2.523972	2.786401	1.204108	8.996796	1.481765	5.563829	2.584277	9.672475	2.697623	4.991180	2.254189	9.292703	2.478133	5.597766	2.866695	9.966918	1.731162	5.837153	1.890408	9.130833	1.365246	4.190008	2.707266	11.425947	2.661916	3.429731	2.462752	9.790948	2.433271	2.177618	2.983459	10.957549	1.777184	4.872646	2.073214	9.533860	2.242286	3.278848	1.500565	9.867672	2.216163	4.658773	2.990356	11.873287	1.348460	3.733940	2.531236	6.009339	1.821436	
2.029420	2.145054	8.692465	2.208655	5.145360	2.579516	6.865932	1.893216	4.241401	1.603046	11.392804	2.881832	5.694571	1.631428	9.697928	1.582171	2.060060	2.328715	9.332072	2.917600	2.957183	1.529130	6.421522	1.125675	2.773705	2.929197	7.194433	1.483718	2.817530	2.110874	10.516251	1.021241	3.537645	1.460158	6.377209	1.284371	4.440992	1.542253	6.264229	1.212836	3.328410	1.496170	10.358592	1.192938	4.477981	2.011750	11.493881	2.348979	3.396283	1.450758	6.814661	2.134861	5.767083	2.675649	9.070956	2.290017	4.218696	1.146916	10.487136	2.220130	2.537736	1.853664	11.141942	1.866604	
2.029786	2.801141	11.963744	1.677328	2.404431	2.819208	7.435957	1.714560	2.256844	1.227790	11.365703	2.884518	4.396924	2.641346	7.761345	2.640431	5.333842	1.453261	9.667348	2.353435	4.350780	2.474044	9.170934	1.553850	4.556352	1.604144	11.096164	2.489303	4.037416	1.355052	11.065767	2.311319	5.238258	1.029908	9.623768	1.203558	4.691977	2.377361	7.102695	1.763817	3.227210	2.529710	10.926237	1.952666	2.778344	1.040040	6.030213	2.920713	5.920164	2.828364	10.095645	2.027436	4.255318	1.850612	8.274239	2.363872	3.778619	1.303537	9.100803	1.091800	5.341655	1.176031	10.274361	1.911771	
2.030152	1.457106	9.234657	1.146062	3.663625	1.058840	8.005799	1.535905	4.272530	2.852596	11.338603	2.887204	3.099399	1.651265	11.825129	1.698691	4.607501	2.577868	10.002625	1.789270	5.744255	1.418897	11.920347	1.981964	2.338878	2.279153	8.997894	1.494888	5.257302	2.599292	11.615284	1.601398	2.938749	2.599780	6.870144	1.122684	4.942839	1.212348	7.941160	2.314798	3.126011	1.563189	11.493881	2.712394	5.078707	2.068392	6.566546	1.492447	4.443800	2.205908	7.376446	1.920011	2.743431	1.025636	7.477523	2.437727	3.338420	1.460097	7.714652	1.963469	4.145451	2.498520	9.406781	1.956877	
2.030519	2.113132	6.505570	2.614795	4.922697	1.298471	8.575640	1.357189	2.287973	2.477340	11.311502	2.889950	5.801996	2.661184	9.888546	2.756951	3.881161	1.702414	10.337718	1.225043	3.137730	2.363811	8.669576	2.410138	4.121525	2.954161	6.899625	2.500534	2.477065	1.843471	6.164617	2.891537	4.639363	2.169530	10.116703	1.041871	5.193823	2.047395	8.779626	2.865780	3.024689	2.596667	6.061342	1.472060	3.378948	1.096622	7.103061	2.064241	2.967437	1.583453	10.657613	1.812586	5.231666	2.200720	6.680807	2.511582	2.898343	1.616718	6.328501	2.835200	2.949248	1.820948	8.539018	2.002045	
2.031007	2.769219	9.776666	2.083468	2.181768	1.538163	9.145665	1.178533	4.303659	2.102084	11.284402	2.892636	4.504471	1.671041	7.951964	1.815149	3.154820	2.827082	10.672994	2.660939	4.531205	1.308664	11.418989	2.838313	5.904172	1.629048	10.801355	1.506119	3.696951	1.087649	6.714133	2.181616	2.339976	1.739280	7.363079	2.961058	5.444807	2.882443	9.618091	1.416700	2.923490	1.630146	6.628803	2.231788	5.679434	2.124973	7.639393	2.636036	5.491317	2.961058	7.938414	1.705161	3.719901	1.375683	11.884274	2.585437	2.458266	1.773339	10.942534	1.706870	5.753166	1.143315	7.671438	2.047212	
2.031373	1.425184	7.047578	1.552202	3.440840	1.777856	9.715506	2.999939	2.319224	1.726768	11.257302	2.895322	3.206946	2.681021	6.015381	2.873409	2.428480	1.951628	11.008271	2.096774	5.924802	2.253578	8.168218	1.266366	3.686697	2.304056	8.703085	2.511704	4.916837	2.331889	7.263649	1.471633	4.040590	1.309030	10.609638	2.880245	5.695791	1.717429	10.456557	1.967681	2.822291	2.663686	7.196448	2.991516	3.979675	1.153264	8.175909	1.207770	4.014954	2.338603	11.219398	1.597736	2.208014	2.550768	11.087558	2.659291	2.018067	1.929899	9.556383	2.578539	4.556963	2.465804	6.803858	2.092318	
2.031739	2.081271	10.318857	1.020875	4.700034	2.017487	10.285531	2.821284	4.334788	1.351512	11.230201	2.898007	5.909543	1.690878	10.078982	1.931608	5.702261	1.076174	11.343364	1.532548	3.318155	1.198431	10.917447	1.694540	5.469344	2.979064	6.604633	1.517289	2.136479	1.576067	7.813166	2.761773	5.741203	2.878842	7.856014	2.799432	5.946654	2.552538	11.295022	2.518662	2.720969	1.697104	7.764092	1.751183	2.279916	2.181616	8.712424	1.779565	2.538713	1.716147	8.500198	1.490310	4.696249	1.725730	10.290841	2.733146	5.578112	2.086520	8.170232	1.450209	3.360881	1.788232	11.936460	2.137486	
2.032105	2.737297	7.589770	2.489608	5.959105	2.257179	10.855373	2.642567	2.350352	2.976318	11.203284	2.900693	4.612018	2.700797	8.142399	2.989868	4.975921	2.200781	11.678640	2.968444	4.711753	2.143345	7.666677	2.122654	3.251869	1.654012	10.506546	2.522935	3.356365	2.820368	8.362682	2.051851	3.441694	2.448592	11.102573	2.718558	2.197516	1.387524	6.133305	1.069582	2.619770	2.730644	8.331736	2.510910	4.580401	1.209906	9.248756	2.351360	5.062471	1.093692	11.781365	1.382885	3.184484	2.900815	9.494125	2.807001	5.138035	2.243141	6.784082	2.321940	2.164678	1.110660	11.068880	2.182653	
2.032594	1.393323	10.860866	1.958342	3.218177	2.496872	11.425398	2.463912	4.365917	2.601062	11.176183	2.903378	3.314493	1.710715	6.205817	2.048067	4.249580	1.325388	6.013733	2.404279	2.105106	1.088198	10.416089	2.550829	5.034516	2.328959	8.408094	1.528459	4.576250	2.064547	8.912198	1.341929	5.142308	2.018342	8.348949	2.637745	2.448500	2.222571	6.971770	1.620563	2.518571	1.764122	8.899380	1.270516	2.880642	2.238258	9.785272	2.923154	3.586108	2.471297	9.062166	1.275460	5.672720	2.075777	8.697409	2.880856	4.697836	2.399701	11.398114	1.193548	4.968596	2.433088	10.201300	2.227821	
2.032960	2.049348	8.131779	1.427015	4.477371	2.736564	11.995239	2.285257	2.381481	2.225806	11.149083	2.906064	2.016968	2.720634	10.269601	1.106265	3.523240	2.449995	6.349010	1.840052	3.498703	2.033052	7.165319	2.979003	2.817042	1.003906	6.309824	2.534104	5.796136	1.308725	9.461715	2.632008	2.842799	1.588092	11.595508	2.556871	2.699484	1.057558	7.810236	2.171545	2.417249	2.797601	9.466842	2.030244	5.181005	1.266549	10.321604	1.494888	2.109867	1.848842	6.342967	1.168035	4.160833	1.250801	7.900876	2.954711	4.257759	2.556322	10.011963	2.065279	3.772393	1.755516	9.333720	2.272927	
2.033326	2.705374	11.402875	2.895749	5.736442	2.976196	6.565081	2.106540	4.397168	1.850551	11.121982	2.908750	4.719443	1.730491	8.333018	2.164525	2.796899	1.574541	6.684103	1.275887	4.892178	2.977966	9.914731	1.407056	4.599689	1.678915	10.211554	1.539689	3.015900	2.552965	10.011231	1.922086	4.543413	1.157842	8.841884	2.476058	2.950346	1.892605	8.648701	2.722526	2.316050	1.831080	10.034486	2.789972	3.481368	2.294900	10.858119	2.066683	4.633625	1.226447	9.623951	1.060610	2.648946	2.425825	7.104160	1.028504	3.817682	2.712943	8.625813	2.937010	2.576189	1.077944	8.466140	2.318094	
2.033815	1.361400	8.673788	2.364483	2.995514	1.215827	7.134922	1.927885	2.412610	1.475295	11.094882	2.911435	3.421918	2.740471	6.396435	1.222724	2.070559	2.699149	7.019379	2.711783	2.285653	1.922819	6.663961	1.835231	2.382214	2.353923	8.113285	2.545274	4.235786	1.797143	10.560747	1.212165	2.243904	2.727714	6.088443	2.395245	3.201331	2.727714	9.487167	1.273446	2.214850	2.864620	10.602130	1.549638	5.781732	1.323130	11.394452	2.638478	3.157262	2.604053	6.904935	2.953246	5.137303	1.600848	6.307443	1.102359	3.377483	2.869503	7.239479	1.808618	5.380108	2.400433	7.598560	2.363262	
2.034181	2.017426	11.945067	1.833155	4.254585	1.455519	7.704764	1.749229	4.428297	1.100040	11.067782	2.914121	2.124393	1.750328	10.460036	2.280984	5.344340	1.823695	7.354656	2.147557	3.679128	2.867733	9.413190	2.263344	4.164861	1.028871	6.014832	1.550859	5.455672	1.041322	11.110263	2.502304	3.944517	2.297464	9.335002	2.314371	3.452315	1.562700	10.325632	1.824488	2.113529	1.898099	11.169774	2.309366	4.082095	2.351482	11.930967	1.210211	5.681143	1.981597	10.185919	2.845882	3.625416	2.775872	11.510910	1.176214	2.937407	1.026063	11.853511	2.680349	4.183905	1.722800	6.730979	2.408429	
2.034547	2.673513	9.215979	1.301828	5.513779	1.695212	8.274789	1.570574	2.443739	2.724845	11.040681	2.916807	4.826991	2.760247	8.523453	1.339244	4.618000	2.948363	7.689932	1.583392	5.072726	1.812586	6.162420	2.691519	5.947508	1.703818	9.916746	2.556505	2.675436	2.285562	11.659780	1.792322	5.645131	1.867214	6.581378	2.233558	3.703299	2.397748	11.164098	2.375469	2.012329	2.931578	11.737419	1.069033	2.382336	1.379772	6.467116	1.782006	4.204779	1.359142	7.466720	2.738456	2.113529	1.950896	10.714194	1.250069	2.497330	1.182623	10.467360	1.552019	2.987701	1.045228	11.863582	2.453536	
2.034913	1.329478	6.486892	2.770562	2.772729	1.934843	8.844630	1.391858	4.459426	2.349590	11.013581	2.919492	3.529466	1.770165	6.586871	2.397504	3.891659	2.072909	8.025025	1.019227	2.466079	2.757500	8.911832	1.119633	3.730033	2.378826	7.818476	1.562029	3.895322	1.529740	6.209113	1.082400	3.345622	1.436964	9.827937	2.152684	3.954161	1.232734	6.002380	2.926450	5.911252	1.965056	6.304880	1.828761	4.682699	2.408124	7.003632	2.353801	2.728538	2.736747	10.747703	2.631031	4.601886	1.125858	9.917478	1.323923	2.057131	1.339244	9.081210	2.423688	5.791620	2.367718	10.996002	2.498703	
2.035401	1.985504	9.757988	2.239296	4.031922	2.174535	9.414655	1.213202	2.474868	1.974334	10.986480	2.922178	2.231941	2.780084	10.650655	1.455702	3.165319	1.197455	8.360302	2.455061	3.859676	1.702353	11.661245	1.547746	5.512558	1.053774	11.720206	2.567675	5.115207	2.773980	6.758629	2.372539	5.046236	1.006714	7.074313	2.071871	4.205145	2.067782	6.840846	1.477371	5.809931	2.998596	6.872341	2.588488	2.983062	1.436415	7.539964	2.925596	5.252297	2.114292	8.028687	2.523606	3.089999	2.300943	9.120762	1.397778	5.617176	1.495865	7.695059	1.295358	4.595416	1.690085	10.128422	2.543870	
2.035768	2.641591	7.028901	1.707968	5.291116	2.414228	9.984497	1.034547	4.490555	1.599078	10.959380	2.924863	4.934538	1.789941	8.714072	2.513962	2.438978	2.322062	8.695578	1.890896	5.253151	2.647267	8.410474	1.975921	3.295083	1.728782	9.621937	1.573260	2.334971	2.018159	7.308145	1.662618	2.746727	2.576525	10.320872	1.991058	4.456130	2.902890	7.679312	2.028352	5.708731	2.032014	7.439985	1.348155	5.283425	2.464766	8.076479	1.497330	3.775933	1.491836	11.309671	2.416181	5.578234	1.475967	8.324046	1.471694	5.177099	1.652425	6.308908	2.167089	3.399213	1.012513	9.260842	2.589038	
2.036134	1.297555	10.299997	1.176641	2.550066	2.653859	10.554521	2.855953	2.506119	1.223823	10.932463	2.927549	3.637013	2.799921	6.777490	1.572161	5.712760	1.446669	9.030671	1.326731	2.646626	1.592120	11.159886	2.404035	5.077731	2.403790	7.523484	2.578845	3.554857	1.262337	7.857662	2.952696	4.447340	2.146275	7.567248	1.910184	4.707114	1.737877	8.517777	2.579333	5.607532	1.065493	8.007630	2.107822	3.583666	1.493057	8.612812	2.069124	2.299692	2.869442	8.590472	2.308756	4.066469	2.650990	7.527329	1.545549	4.736900	1.809046	10.922941	1.038697	2.203009	2.335002	8.393262	2.634144	
2.036500	1.953642	7.571093	2.645436	3.809259	2.893551	11.124363	2.677236	4.521683	2.848628	10.905362	2.930235	2.339366	1.809778	10.841090	2.630421	4.986419	2.571276	9.365947	2.762566	4.040101	2.537034	7.908933	2.832209	2.860256	1.078677	11.425398	1.584429	4.774743	2.506577	8.407178	2.242775	2.147832	1.716025	10.813807	1.829371	4.957976	2.572924	9.356243	1.130253	5.506211	2.099033	8.575274	2.867550	5.884152	2.521348	9.149327	2.640919	4.823450	2.246986	11.871456	2.201331	2.554582	1.826014	6.730613	1.619404	4.296823	1.965667	9.536790	1.910428	5.006928	1.657430	7.525681	2.679312	
2.036988	2.609668	10.842189	2.114109	5.068331	1.133183	11.694388	2.498581	2.537248	2.473373	10.878262	2.932920	5.041963	2.819697	8.904508	1.688620	4.260079	1.695822	9.701224	2.198401	5.433699	1.481887	10.658345	1.260323	4.642903	1.753685	9.326945	2.590075	5.994629	1.750755	8.956511	1.532853	3.848445	1.285775	8.060183	1.748497	5.208960	1.407910	10.194708	1.681234	5.405011	1.132450	9.142918	1.627216	4.184393	1.549638	9.685842	1.212653	3.347209	1.624531	9.152440	2.093905	5.042817	1.000977	11.934080	1.693258	3.856746	2.122227	8.150639	2.782098	3.810724	2.979858	6.658101	2.724479	
2.037355	1.265633	8.113102	1.582781	2.327403	1.372875	6.264046	2.319926	4.552812	2.098056	10.851161	2.935606	3.744438	1.829615	6.967925	2.746879	3.533738	2.820429	10.036500	1.634236	2.827052	2.426801	7.407575	1.688437	2.425428	2.428694	7.228675	1.595599	3.214393	2.994995	9.506027	2.822993	5.549059	2.855586	11.306742	1.667684	5.459944	2.242958	11.033174	2.232215	5.303812	2.165990	9.710379	2.386944	2.484634	2.577990	10.222175	1.784448	5.870968	1.002075	6.433241	1.986480	3.530931	2.176061	11.137364	1.767113	3.416547	2.278848	6.764306	1.653768	2.614643	2.302286	11.790704	2.769646	
2.037721	1.921720	11.384198	1.051515	3.586474	1.612506	6.834071	2.141209	2.568377	1.722800	10.824061	2.938292	2.446913	2.839534	11.031709	1.805078	2.807398	1.944975	10.371593	1.070009	4.220649	1.371654	10.156987	2.116611	4.208075	1.103641	11.130406	2.601245	4.434278	2.239174	10.055544	2.113010	3.249550	2.425398	8.553117	1.586810	5.710929	1.078005	11.871639	2.783197	5.202490	1.199469	10.278024	1.146611	4.785119	1.606281	10.758690	2.356243	4.394604	2.379681	9.714225	1.879055	2.019166	1.351024	10.340648	1.840968	2.976470	2.435469	11.378338	2.525498	5.418561	1.624714	10.923124	2.814753	
2.038087	2.577746	8.655110	2.520249	4.845668	1.852199	7.403912	1.962554	4.584063	1.347545	10.796960	2.940977	5.149510	1.849391	9.095126	2.863338	2.081057	1.069582	10.706870	2.505905	5.614124	2.316568	6.906217	2.544725	5.990722	1.778588	9.032136	1.606830	5.654164	1.483352	10.605060	1.403088	4.950163	1.995148	11.799677	1.505997	5.961791	1.913053	6.709922	1.334117	5.101291	2.232948	10.845668	1.906339	3.085360	2.634632	11.295022	2.928037	2.918363	1.757225	6.995025	1.771630	4.507401	2.526109	9.543931	1.914823	2.536393	2.592029	9.992187	1.397107	4.222358	2.947203	10.055361	2.859920	
2.038575	1.233772	11.926206	1.988922	2.104740	2.091891	7.973754	1.783898	2.599506	2.972350	10.769860	2.943663	3.851985	2.859371	7.158544	1.921537	5.354839	2.194189	11.042146	1.941740	3.007599	1.261422	9.655446	2.972900	3.773247	2.453597	6.933683	2.612476	2.873928	2.727653	11.154576	2.693228	2.650655	1.564898	9.046052	1.425184	2.212653	2.748100	7.548387	1.885098	5.000092	1.266427	11.413312	2.666066	5.385846	1.662923	11.831538	1.499771	5.442122	1.134770	10.276193	1.664205	2.995514	1.701071	8.747215	1.988678	2.096194	2.748650	8.606037	2.268838	3.026154	2.269570	9.187780	2.905087	
2.038942	1.889798	9.197302	1.457656	3.363811	2.331584	8.543779	1.605243	4.615192	2.597095	10.742759	2.946409	2.554460	1.869228	11.222144	2.979858	4.628498	1.318735	11.377239	1.377514	4.401074	2.206336	6.404675	1.401013	5.555895	1.128544	10.835597	1.618000	4.093814	1.971831	11.704093	1.983306	4.351268	1.134648	6.292611	1.344310	2.463637	1.583087	8.386853	2.436079	4.898770	2.299966	11.980956	1.425733	3.686087	2.691275	6.367687	2.071566	3.965758	2.512375	7.556993	1.556780	5.483871	2.876156	7.950499	2.062532	5.656240	2.905271	7.219886	1.140507	5.830073	1.591998	8.320200	2.950255	
2.039308	2.545824	6.468215	2.926389	4.623005	2.571215	9.113620	1.426527	2.630634	2.221839	10.715659	2.949095	5.257057	2.879147	9.285562	2.038057	3.902158	2.443342	11.712516	2.813410	5.794671	1.151128	9.154088	1.829127	3.338420	1.803552	8.737327	2.623646	5.313700	1.216010	6.253426	1.273324	2.051759	2.704459	9.539171	1.263497	2.714621	2.418195	9.225318	2.987060	4.797571	1.333445	6.548235	2.185400	5.986450	1.719565	6.904202	2.643361	2.489517	1.889920	10.837977	1.449355	3.971984	2.051119	7.153783	2.136387	5.216163	1.061769	11.833918	2.012177	4.633869	2.914487	7.452620	2.995361	
2.039674	1.201849	9.739311	2.395062	5.882076	2.810907	9.683645	1.247871	4.646321	1.846583	10.688559	2.951781	3.959410	1.889065	7.348979	1.096255	3.175817	1.567949	6.047609	2.249245	3.188025	2.096042	11.903500	2.257302	5.121067	2.478561	6.638874	1.629231	2.533464	2.460250	6.802942	2.563463	3.752373	2.274209	6.785546	1.182623	2.965484	1.253182	10.063784	1.537980	4.696371	2.366924	7.115879	2.945128	4.286813	2.747856	7.440535	1.215033	5.013276	1.267464	8.118778	1.341990	2.460097	1.226142	6.357067	2.210242	4.776086	1.218390	10.447768	2.883908	3.437666	2.236915	6.585040	1.040468	
2.040162	1.857875	7.010224	1.863796	3.141148	1.050539	10.253487	1.069216	2.661885	1.471328	10.661458	2.954466	2.661885	2.898984	11.412763	2.154515	2.449477	2.692557	6.382885	1.685018	4.581622	1.040895	8.652730	2.685415	2.903592	1.153447	10.540788	2.634816	3.753349	1.704428	7.352458	1.853542	5.452986	1.843959	10.032105	1.101810	3.216468	2.088229	10.902249	2.088961	4.595050	1.400403	7.683523	1.704794	2.587054	1.776147	7.977050	1.786828	3.537034	2.645070	11.399945	1.234565	4.948454	2.401227	11.560533	2.284097	4.335887	1.375011	9.061617	1.755577	2.241462	1.559282	11.717643	1.085635	
2.040529	2.513962	10.281320	1.332469	4.400220	1.290231	10.823511	2.890622	4.677450	1.096072	10.634541	2.957152	5.364483	1.908841	9.476180	1.212714	5.723258	1.817103	6.717978	1.120853	5.975097	1.985809	11.402142	1.113529	4.686239	1.828455	8.442335	1.640400	4.973235	2.948668	7.901975	1.143620	3.153478	1.413709	7.278481	1.020997	3.467452	2.923276	11.740715	2.639943	4.493851	2.433943	8.251167	2.464522	4.887417	2.804498	8.513382	2.358623	2.060671	2.022614	8.680746	1.127140	3.436567	1.576189	10.763817	2.357952	3.895810	1.531571	7.675466	2.627247	5.045381	2.881771	10.850063	1.130741	
2.040895	1.169927	7.552232	2.801202	5.659413	1.529862	11.393353	2.711905	2.693014	2.720878	10.607440	2.959838	4.066958	2.918821	7.539598	2.270974	4.996918	2.941710	7.053255	2.556749	3.368572	2.930723	8.151189	1.541704	2.468764	2.503464	6.344066	2.646046	2.192999	2.192846	8.451491	2.433699	4.854091	2.983520	10.525040	2.940184	3.718436	1.758263	6.578997	1.190863	4.392651	1.467360	8.818812	1.224189	3.187780	1.832789	9.049898	2.930418	4.584429	1.400159	11.961730	1.019715	5.924802	2.751274	9.967101	2.431806	3.455733	1.688192	6.289315	1.498917	3.849178	2.204199	9.982482	1.175909	
2.041383	1.825953	10.823511	2.269875	2.918485	1.769555	11.963378	2.533250	4.708579	2.345622	10.580340	2.962523	2.769433	1.928678	11.603198	1.329173	4.270577	2.066256	7.388531	1.992523	4.762047	1.875576	10.900601	1.969817	4.251411	1.178411	10.245796	1.651570	3.412885	1.437025	9.001007	1.723777	2.554582	2.553270	7.771416	2.859371	3.969298	2.593371	7.417463	1.741844	4.291330	2.500900	9.386456	1.983917	5.488144	2.861141	9.586230	1.502152	3.108188	2.777764	9.242531	2.912351	4.413038	1.926237	9.170385	2.505661	3.015534	1.844813	10.903165	2.370647	2.652974	1.526566	9.114902	1.221076	
2.041749	2.482040	8.094424	1.738609	4.177557	2.009247	6.533036	2.354595	2.724143	1.970367	10.553240	2.965209	5.472030	2.938597	9.666616	2.387432	3.544237	1.190863	7.723624	1.428358	2.155522	2.820490	7.649831	2.397992	2.033937	1.853359	8.147526	2.657216	4.632771	2.681265	9.550523	1.013855	4.255196	2.123081	11.017975	2.778497	4.220283	1.428358	8.255928	2.292825	4.190130	1.534379	9.953917	2.743645	3.788385	1.889431	10.122745	2.073946	5.631947	2.155309	6.523515	2.804926	2.901151	1.101260	8.373669	2.579516	2.575457	2.001373	9.517014	1.242256	5.456893	2.849055	8.247322	1.266243	
2.042116	1.138005	11.365520	1.207282	5.436750	2.248878	7.102878	2.175878	4.739708	1.595111	10.526139	2.967895	4.174505	1.948515	7.730033	1.445631	2.817896	2.315470	8.058901	2.864254	3.548997	1.765343	10.399243	2.826106	3.816584	2.528367	6.049074	1.662801	5.852657	1.925443	10.100040	2.303995	5.955809	1.692831	8.264351	2.697684	4.471267	2.263405	9.094394	2.843806	4.088931	2.567858	10.521561	1.503311	2.088748	2.917783	10.659261	2.645741	4.155705	1.532914	9.804498	2.697501	5.389386	2.276284	7.576952	2.653371	2.135380	2.157994	8.130863	2.113987	4.260689	2.171484	7.379742	1.311350	
2.042482	1.794092	8.636433	2.676016	2.695700	2.488571	7.672903	1.997223	2.755272	1.219855	10.499039	2.970580	2.876980	2.958434	11.793817	2.503891	2.091556	1.440016	8.394177	2.300027	4.942595	2.710257	7.148473	1.254219	5.599231	1.203314	9.950987	2.668386	3.072298	1.169622	10.649556	1.594012	3.656301	1.262581	11.510910	2.616871	4.722251	1.098392	9.932859	1.394726	3.987609	1.601337	11.089206	2.263039	4.389111	1.946013	11.195593	1.217475	2.679342	2.910520	7.085299	2.590075	3.877499	1.451308	6.780236	2.727226	5.695303	2.314615	6.744713	2.985717	3.064608	1.493912	6.512162	1.356517	
2.042970	2.450117	11.907529	2.144749	3.954894	2.728263	8.242744	1.818567	4.770959	2.844661	10.471938	2.973266	5.579455	1.968291	9.857234	1.562090	5.365337	2.564623	8.729453	1.735862	2.335948	1.655110	9.897885	1.682333	3.381756	1.878323	7.852718	1.673971	4.292184	2.413862	11.199072	2.884152	5.357036	2.832392	8.757286	2.535997	4.973113	1.933439	10.771325	1.945708	3.886410	2.634877	11.656850	1.022645	2.689474	2.974364	11.732109	1.789270	5.203101	2.288064	10.366283	2.482650	2.365734	2.626331	11.983703	2.801080	5.255226	2.471175	11.358745	1.857326	5.868526	2.816340	11.644765	1.401685	
2.043336	1.106082	9.178442	1.613422	5.214087	2.967956	8.812769	1.639912	2.786401	2.469344	10.444838	2.975951	4.281930	2.978210	7.920652	2.620411	4.638997	1.689230	9.064547	1.171697	3.729545	2.600024	6.646931	2.110508	5.164403	2.553331	11.754448	2.679617	5.512070	1.658040	11.748589	2.174230	3.057527	2.402142	6.003662	2.455184	5.224097	2.768548	11.609790	2.496689	3.785211	1.668294	6.224311	1.782373	4.989837	2.002655	6.268258	2.361064	3.726859	1.665609	7.647267	2.375225	4.853969	1.801355	11.186987	2.874935	4.815149	2.627796	9.972594	2.729057	4.672323	2.138768	10.777184	1.446852	
2.043703	1.762169	6.449538	1.082095	2.473037	1.207526	9.382611	1.461196	4.802087	2.094089	10.417737	2.978637	2.984405	1.988128	11.984252	1.678610	3.912656	2.813837	9.399823	2.607532	5.123020	1.544877	9.396344	2.538682	2.946928	1.228217	9.656178	1.685141	2.731834	2.902280	6.297922	1.464309	4.758141	1.971892	9.250404	2.374310	5.475082	1.603534	6.448073	1.047609	3.683889	2.701834	6.791772	2.542100	3.290078	1.030946	6.804773	2.932859	2.250496	1.043153	10.928251	2.267800	3.342082	2.976379	10.390271	2.948790	4.374950	2.784417	8.586444	1.600665	3.476119	1.461196	9.909604	1.491958	
2.044069	2.418195	9.720634	2.550890	3.732231	1.447218	9.952635	1.282540	2.817530	1.718833	10.390637	2.981323	5.687002	2.998047	10.047670	2.736869	3.186316	1.938383	9.735099	2.043367	2.516495	2.489792	6.145573	2.966796	4.729575	1.903226	7.557726	2.690786	3.951720	2.146458	6.847255	2.754387	2.458632	1.541643	6.496780	2.293497	5.726066	2.438581	7.286538	1.598590	3.582690	1.735313	7.359416	1.301767	5.590564	2.059297	7.341105	1.504593	4.774377	2.420759	8.209052	2.160375	5.830439	2.151402	9.593554	1.022584	3.934874	2.940977	7.200293	2.472396	2.279916	2.783685	9.042024	1.537126	
