         VBase        Charge
             0             0
   0.052725974    0.12479102
    0.17006641    0.24869143
    0.28945147     0.3717076
    0.40583763    0.49384584
    0.52310654    0.61511242
    0.63828795    0.73551354
    0.75367175     0.8550554
    0.86750953    0.97374412
    0.98115304     1.0915858
      1.093574     1.2085864
     1.2055711     1.3247521
     1.3165405     1.4400887
     1.4269551     1.5546022
     1.5364609     1.6682985
     1.6453388     1.7811833
     1.7533823     1.8932625
     1.8607588     2.0045418
     1.9673487      2.115027
     2.0732528     2.2247236
     2.1784024     2.3336374
      2.282859     2.4417738
     2.3865841     2.5491386
     2.4896159     2.6557371
     2.5919336     2.7615748
     2.6935616     2.8666572
     2.7944897     2.9709897
     2.8947341     3.0745776
     2.9942907     3.1774262
      3.093171     3.2795408
     3.1913743     3.3809266
     3.2889092     3.4815889
     3.3857774     3.5815327
     3.4819855     3.6807633
     3.5775365     3.7792857
     3.6724361      3.877105
     3.7666877     3.9742262
     3.8602966     4.0706542
     3.9532664     4.1663941
     4.0456021     4.2614507
     4.1373077     4.3558289
     4.2283876     4.4495335
     4.3188459     4.5425694
     4.4086872     4.6349414
     4.4979153     4.7266541
     4.5865347     4.8177123
     4.6745493     4.9081206
     4.7619635     4.9978837
     4.8487811     5.0870061
     4.9350064     5.1754926
     5.0206434     5.2633475
      5.105696     5.3505755
     5.1901683     5.4371809
     5.2740642     5.5231682
     5.3573877     5.6085419
     5.4401427     5.6933063
      5.522333     5.7774657
     5.6039624     5.8610245
     5.6850349      5.943987
     5.7655543     6.0263574
     5.8455242     6.1081399
     5.9249484     6.1893388
     6.0038308     6.2699582
     6.0821748     6.3500022
     6.1599844      6.429475
      6.237263     6.5083806
     6.3140143     6.5867231
      6.390242     6.6645065
     6.4659495     6.7417347
     6.5411404     6.8184118
     6.6158183     6.8945417
     6.6899866     6.9701282
     6.7636489     7.0451753
     6.8368086     7.1196868
      6.909469     7.1936666
     6.9816337     7.2671184
      7.053306     7.3400459
     7.1244893      7.412453
     7.1951868     7.4843434
      7.265402     7.5557207
      7.335138     7.6265886
     7.4043983     7.6969507
     7.4731859     7.7668107
     7.5415042     7.8361721
     7.6093564     7.9050385
     7.6767456     7.9734134
     7.7436749     8.0413003
     7.8101476     8.1087028
     7.8761667     8.1756242
     7.9417354      8.242068
     8.0068567     8.3080376
     8.0715336     8.3735364
     8.1357692     8.4385678
     8.1995665     8.5031351
     8.2629286     8.5672415
     8.3258582     8.6308905
     8.3883585     8.6940852
     8.4504324     8.7568289
     8.5120827     8.8191248
     8.5733123     8.8809761
     8.6341242      8.942386
     8.6945211     9.0033576
     8.7545059     9.0638941
     8.8140814     9.1239986
     8.8732505     9.1836741
     8.9320158     9.2429238
     8.9903801     9.3017506
     9.0483462     9.3601575
     9.1059168     9.4181476
     9.1630945     9.4757239
     9.2198821     9.5328892
     9.2762823     9.5896466
     9.3322976     9.6459989
     9.3879307     9.7019491
     9.4431842     9.7574999
     9.4980607     9.8126543
     9.5525627     9.8674151
     9.6066929     9.9217851
     9.6604537      9.975767
     9.7138477     10.029364
     9.7668774     10.082578
     9.8195453     10.135412
     9.8718538      10.18787
     9.9238053     10.239953
     9.9754024     10.291664
     10.026647     10.343006
     10.077543     10.393982
     10.128091     10.444594
     10.178294     10.494845
     10.228155     10.544737
     10.277675     10.594273
     10.326858     10.643455
     10.375705     10.692287
     10.424218      10.74077
     10.472401     10.788907
     10.520255     10.836701
     10.567782     10.884153
     10.614985     10.931267
     10.661866     10.978044
     10.708427     11.024488
     10.754671       11.0706
     10.800599     11.116384
     10.846213      11.16184
     10.891516     11.206972
     10.936511     11.251782
     10.981198     11.296272
      11.02558     11.340445
     11.069659     11.384302
     11.113438     11.427846
     11.156918      11.47108
     11.200101     11.514005
      11.24299     11.556624
     11.285586     11.598938
     11.327891     11.640951
     11.369908     11.682663
     11.411638     11.724078
     11.453083     11.765198
     11.494245     11.806024
     11.535127     11.846559
     11.575729     11.886804
     11.616055     11.926762
     11.656106     11.966435
     11.695883     12.005825
     11.735388     12.044934
     11.774625     12.083763
     11.813593     12.122316
     11.852296     12.160593
     11.890734     12.198597
      11.92891      12.23633
     11.966826     12.273794
     12.004483      12.31099
     12.041883     12.347921
     12.079028     12.384588
      12.11592     12.420994
     12.152559      12.45714
     12.188949     12.493027
      12.22509     12.528659
     12.260985     12.564036
     12.296635     12.599161
     12.332042     12.634036
     12.367207     12.668661
     12.402132     12.703039
     12.436819     12.737172
     12.471269     12.771061
     12.505484     12.804709
     12.539466     12.838116
     12.573215     12.871285
     12.606735     12.904217
     12.640026     12.936914
     12.673089     12.969378
     12.705927      13.00161
     12.738541     13.033612
     12.770933     13.065386
     12.803103     13.096933
     12.835054     13.128254
     12.866787     13.159353
     12.898303     13.190229
     12.929605     13.220885
     12.960692     13.251322
     12.991568     13.281542
     13.022233     13.311546
     13.052689     13.341336
     13.082937     13.370914
     13.112978      13.40028
     13.142815     13.429437
     13.172448     13.458386
     13.201878     13.487128
     13.231108     13.515665
     13.260139     13.543999
     13.288971      13.57213
     13.317607      13.60006
     13.346047     13.627791
     13.374293     13.655325
     13.402347     13.682661
     13.430209     13.709803
     13.457881     13.736751
     13.485364     13.763506
      13.51266     13.790071
     13.539769     13.816446
     13.566694     13.842633
     13.593434     13.868633
     13.619993     13.894447
      13.64637     13.920077
     13.672567     13.945524
     13.698585      13.97079
     13.724426     13.995875
      13.75009     14.020782
      13.77558      14.04551
     13.800895     14.070062
     13.826038     14.094439
     13.851009     14.118642
      13.87581     14.142672
     13.900441      14.16653
     13.924905     14.190219
     13.949201     14.213738
     13.973332      14.23709
     13.997298     14.260274
     14.021101     14.283294
     14.044741     14.306149
      14.06822     14.328841
     14.091539     14.351371
     14.114698      14.37374
       14.1377     14.395949
     14.160544        14.418
     14.183233     14.439894
     14.205767     14.461632
     14.228147     14.483214
     14.250374     14.504642
      14.27245     14.525917
     14.294375     14.547041
     14.316151     14.568014
     14.337778     14.588837
     14.359257     14.609511
      14.38059     14.630038
     14.401777     14.650418
      14.42282     14.670653
     14.443719     14.690744
     14.464476     14.710691
     14.485091     14.730496
     14.505565     14.750159
       14.5259     14.769683
     14.546095     14.789066
     14.566153     14.808312
     14.586075      14.82742
      14.60586     14.846392
      14.62551     14.865228
     14.645026      14.88393
     14.664409     14.902499
      14.68366     14.920934
     14.702779     14.939239
     14.721768     14.957413
     14.740627     14.975457
     14.759358     14.993372
     14.777961     15.011159
     14.796437      15.02882
     14.814787     15.046354
     14.833011     15.063763
     14.851112     15.081049
     14.869089      15.09821
     14.886943     15.115249
     14.904675     15.132167
     14.922286     15.148964
     14.939777     15.165641
     14.957149     15.182199
     14.974403     15.198639
     14.991538     15.214961
     15.008557     15.231167
     15.025459     15.247257
     15.042246     15.263233
     15.058919     15.279094
     15.075478     15.294843
     15.091924     15.310479
     15.108258     15.326003
      15.12448     15.341416
     15.140591      15.35672
     15.156593     15.371914
     15.172485        15.387
     15.188269     15.401978
     15.203946     15.416849
     15.219515     15.431615
     15.234978     15.446274
     15.250336      15.46083
     15.265588     15.475281
     15.280737     15.489629
     15.295782     15.503875
     15.310725     15.518019
     15.325566     15.532062
     15.340305     15.546005
     15.354944     15.559848
     15.369483     15.573593
     15.383923     15.587239
     15.398264     15.600789
     15.412508     15.614241
     15.426654     15.627597
     15.440704     15.640859
     15.454658     15.654025
     15.468516     15.667098
      15.48228     15.680077
     15.495951     15.692963
     15.509528     15.705758
     15.523012     15.718461
     15.536404     15.731074
     15.549705     15.743596
     15.562915      15.75603
     15.576035     15.768374
     15.589065     15.780631
     15.602007       15.7928
      15.61486     15.804882
     15.627626     15.816878
     15.640304     15.828788
     15.652896     15.840613
     15.665402     15.852354
     15.677823     15.864011
     15.690159     15.875585
     15.702411     15.887076
     15.714579     15.898486
     15.726664     15.909813
     15.738667      15.92106
     15.750587     15.932227
     15.762427     15.943314
     15.774185     15.954322
     15.785864     15.965251
     15.797463     15.976103
     15.808982     15.986877
     15.820423     15.997574
     15.831786     16.008194
     15.843072     16.018739
      15.85428     16.029209
     15.865412     16.039604
     15.876468     16.049925
     15.887448     16.060172
     15.898354     16.070346
     15.909185     16.080447
     15.919942     16.090476
     15.930626     16.100434
     15.941237     16.110321
     15.951776     16.120137
     15.962243     16.129883
     15.972638     16.139559
     15.982962     16.149166
     15.993216     16.158705
       16.0034     16.168176
     16.013515     16.177579
      16.02356     16.186915
     16.033537     16.196185
     16.043446     16.205388
     16.053287     16.214525
     16.063061     16.223598
     16.072768     16.232605
     16.082409     16.241549
     16.091985     16.250428
     16.101495     16.259244
      16.11094     16.267998
      16.12032     16.276688
     16.129637     16.285317
      16.13889     16.293884
      16.14808      16.30239
     16.157207     16.310835
     16.166272      16.31922
     16.175276     16.327546
     16.184217     16.335811
     16.193098     16.344018
     16.201918     16.352166
     16.210678     16.360256
     16.219378     16.368289
     16.228019     16.376264
     16.236601     16.384182
     16.245124     16.392043
     16.253589     16.399849
     16.261996     16.407599
     16.270346     16.415293
     16.278639     16.422933
     16.286876     16.430518
     16.295056     16.438049
      16.30318     16.445526
     16.311249     16.452949
     16.319263      16.46032
     16.327222     16.467638
     16.335127     16.474904
     16.342978     16.482119
     16.350776     16.489281
      16.35852     16.496393
     16.366211     16.503453
      16.37385     16.510464
     16.381437     16.517424
     16.388972     16.524335
     16.396455     16.531196
     16.403888     16.538008
      16.41127     16.544772
     16.418601     16.551488
     16.425883     16.558155
     16.433114     16.564775
     16.440297     16.571348
      16.44743     16.577874
     16.454515     16.584353
     16.461551     16.590786
      16.46854     16.597173
      16.47548     16.603515
     16.482373     16.609811
      16.48922     16.616062
     16.496019     16.622269
     16.502773     16.628431
      16.50948      16.63455
     16.516141     16.640625
     16.522757     16.646656
     16.529328     16.652644
     16.535853      16.65859
     16.542335     16.664493
     16.548772     16.670354
     16.555165     16.676173
     16.561515     16.681951
     16.567821     16.687688
     16.574084     16.693383
     16.580305     16.699038
     16.586483     16.704653
     16.592619     16.710227
     16.598713     16.715762
     16.604765     16.721257
     16.610776     16.726713
     16.616747      16.73213
     16.622676     16.737508
     16.628565     16.742848
     16.634414      16.74815
     16.640223     16.753414
     16.645992     16.758641
     16.651722      16.76383
     16.657413     16.768982
     16.663064     16.774097
     16.668678     16.779176
     16.674253     16.784219
      16.67979     16.789225
     16.685289     16.794196
     16.690751     16.799132
     16.696175     16.804032
     16.701563     16.808897
     16.706914     16.813727
     16.712228     16.818523
     16.717506     16.823285
     16.722748     16.828013
     16.727954     16.832707
     16.733124     16.837368
      16.73826     16.841995
      16.74336     16.846589
     16.748425     16.851151
     16.753456      16.85568
     16.758453     16.860176
     16.763416     16.864641
     16.768344     16.869074
     16.773239     16.873475
     16.778101     16.877844
     16.782929     16.882183
     16.787725      16.88649
     16.792488     16.890767
     16.797218     16.895013
     16.801916     16.899229
     16.806582     16.903415
     16.811216     16.907571
     16.815818     16.911697
      16.82039     16.915794
     16.824929     16.919861
     16.829438       16.9239
     16.833917      16.92791
     16.838364     16.931891
     16.842781     16.935844
     16.847169     16.939768
     16.851526     16.943665
     16.855853     16.947533
     16.860151     16.951374
      16.86442     16.955188
     16.868659     16.958975
      16.87287     16.962734
     16.877052     16.966467
     16.881205     16.970173
      16.88533     16.973852
     16.889427     16.977505
     16.893495     16.981133
     16.897537     16.984734
      16.90155     16.988309
     16.905536     16.991859
     16.909495     16.995384
     16.913427     16.998884
     16.917332     17.002358
     16.921211     17.005808
     16.925063     17.009233
     16.928888     17.012634
     16.932688     17.016011
     16.936462     17.019363
     16.940209     17.022691
     16.943932     17.025996
     16.947629     17.029277
       16.9513     17.032535
     16.954947     17.035769
     16.958569     17.038981
     16.962166     17.042169
     16.965739     17.045335
     16.969287     17.048478
     16.972811     17.051599
     16.976311     17.054697
     16.979787     17.057773
     16.983239     17.060828
     16.986668      17.06386
     16.990073     17.066871
     16.993455     17.069861
     16.996814     17.072829
      17.00015     17.075776
     17.003464     17.078701
     17.006754     17.081606
     17.010023     17.084491
     17.013269     17.087354
     17.016492     17.090198
     17.019694      17.09302
     17.022874     17.095823
     17.026033     17.098606
     17.029169     17.101369
     17.032285     17.104112
     17.035379     17.106836
     17.038452      17.10954
     17.041504     17.112225
     17.044535     17.114891
     17.047545     17.117537
     17.050535     17.120165
     17.053505     17.122774
     17.056454     17.125365
     17.059383     17.127937
     17.062293      17.13049
     17.065182     17.133025
     17.068052     17.135543
     17.070902     17.138042
     17.073732     17.140524
     17.076544     17.142987
     17.079336     17.145434
     17.082109     17.147862
     17.084863     17.150274
     17.087598     17.152668
     17.090315     17.155045
     17.093013     17.157405
     17.095693     17.159748
     17.098354     17.162075
     17.100997     17.164385
     17.103623     17.166678
      17.10623     17.168955
      17.10882     17.171216
     17.111391     17.173461
     17.113946      17.17569
     17.116483     17.177903
     17.119002       17.1801
     17.121505     17.182281
      17.12399     17.184447
     17.126458     17.186597
      17.12891     17.188732
     17.131345     17.190852
     17.133763     17.192956
     17.136164     17.195046
      17.13855      17.19712
     17.140919      17.19918
     17.143272     17.201225
     17.145608     17.203256
     17.147929     17.205272
     17.150234     17.207274
     17.152524     17.209261
     17.154797     17.211234
     17.157055     17.213193
     17.159298     17.215139
     17.161526      17.21707
     17.163738     17.218987
     17.165935     17.220891
     17.168117     17.222781
     17.170284     17.224658
     17.172437     17.226521
     17.174575     17.228371
     17.176698     17.230208
     17.178807     17.232032
     17.180901     17.233843
     17.182981      17.23564
     17.185047     17.237425
     17.187099     17.239197
     17.189136     17.240957
      17.19116     17.242704
      17.19317     17.244439
     17.195167     17.246161
     17.197149     17.247871
     17.199119     17.249568
     17.201074     17.251254
     17.203017     17.252927
     17.204946     17.254589
     17.206862     17.256239
     17.208765     17.257877
     17.210655     17.259503
     17.212532     17.261117
     17.214396     17.262721
     17.216247     17.264312
     17.218086     17.265893
     17.219913     17.267462
     17.221726     17.269019
     17.223528     17.270566
     17.225317     17.272102
     17.227094     17.273627
     17.228859      17.27514
     17.230612     17.276643
     17.232353     17.278136
     17.234082     17.279617
     17.235799     17.281089
     17.237504     17.282549
     17.239198     17.283999
      17.24088     17.285439
     17.242551     17.286869
      17.24421     17.288288
     17.245859     17.289697
     17.247495     17.291096
     17.249121     17.292486
     17.250736     17.293865
     17.252339     17.295234
     17.253932     17.296594
     17.255513     17.297944
     17.257084     17.299284
     17.258645     17.300615
     17.260194     17.301936
     17.261733     17.303248
     17.263262      17.30455
      17.26478     17.305843
     17.266288     17.307127
     17.267785     17.308402
     17.269272     17.309668
     17.270749     17.310924
     17.272216     17.312172
     17.273673     17.313411
      17.27512     17.314641
     17.276557     17.315862
     17.277985     17.317074
     17.279402     17.318278
      17.28081     17.319473
     17.282209      17.32066
     17.283597     17.321838
     17.284977     17.323008
     17.286347     17.324169
     17.287707     17.325322
     17.289059     17.326467
     17.290401     17.327604
     17.291733     17.328733
     17.293057     17.329853
     17.294372     17.330966
     17.295678     17.332071
     17.296975     17.333167
     17.298263     17.334256
     17.299542     17.335337
     17.300813     17.336411
     17.302074     17.337477
     17.303328     17.338535
     17.304572     17.339585
     17.305809     17.340628
     17.307036     17.341664
     17.308256     17.342692
     17.309467     17.343713
      17.31067     17.344727
     17.311864     17.345733
     17.313051     17.346733
     17.314229     17.347725
     17.315399      17.34871
     17.316562     17.349688
     17.317716     17.350659
     17.318863     17.351623
     17.320001      17.35258
     17.321132      17.35353
     17.322255     17.354474
     17.323371     17.355411
     17.324479     17.356341
     17.325579     17.357265
     17.326672     17.358182
     17.327758     17.359092
     17.328836     17.359996
     17.329906     17.360893
      17.33097     17.361784
     17.332026     17.362669
     17.333074     17.363547
     17.334116      17.36442
     17.335151     17.365285
     17.336178     17.366145
     17.337199     17.366999
     17.338213     17.367846
     17.339219     17.368688
     17.340219     17.369523
     17.341212     17.370352
     17.342198     17.371176
     17.343178     17.371994
      17.34415     17.372806
     17.345117     17.373612
     17.346076     17.374412
     17.347029     17.375206
     17.347976     17.375995
     17.348916     17.376779
     17.349849     17.377556
     17.350777     17.378328
     17.351698     17.379095
     17.352612     17.379856
     17.353521     17.380612
     17.354423     17.381362
     17.355319     17.382107
     17.356209     17.382847
     17.357093     17.383581
     17.357971      17.38431
     17.358842     17.385034
     17.359708     17.385753
     17.360568     17.386467
     17.361422     17.387175
     17.362271     17.387879
     17.363113     17.388577
      17.36395     17.389271
     17.364781     17.389959
     17.365606     17.390643
     17.366426     17.391321
      17.36724     17.391995
     17.368049     17.392664
     17.368852     17.393329
      17.36965     17.393988
     17.370442     17.394643
     17.371229     17.395293
      17.37201     17.395939
     17.372786      17.39658
     17.373557     17.397216
     17.374322     17.397848
     17.375083     17.398475
     17.375838     17.399098
     17.376588     17.399717
     17.377332     17.400331
     17.378072      17.40094
     17.378807     17.401545
     17.379537     17.402146
     17.380261     17.402743
     17.380981     17.403335
     17.381696     17.403923
     17.382406     17.404507
     17.383111     17.405087
     17.383811     17.405663
     17.384507     17.406234
     17.385198     17.406802
     17.385884     17.407365
     17.386565     17.407925
     17.387242      17.40848
     17.387914     17.409031
     17.388581     17.409579
     17.389244     17.410123
     17.389903     17.410662
     17.390557     17.411198
     17.391206      17.41173
     17.391851     17.412258
     17.392492     17.412783
     17.393128     17.413304
      17.39376     17.413821
     17.394388     17.414334
     17.395011     17.414844
     17.395631      17.41535
     17.396245     17.415852
     17.396856     17.416351
     17.397463     17.416846
     17.398065     17.417338
     17.398663     17.417826
     17.399257     17.418311
     17.399848     17.418792
     17.400434      17.41927
     17.401016     17.419744
     17.401594     17.420215
     17.402168     17.420683
     17.402738     17.421147
     17.403305     17.421608
     17.403867     17.422066
     17.404426     17.422521
     17.404981     17.422972
     17.405532      17.42342
     17.406079     17.423865
     17.406623     17.424306
     17.407163     17.424745
     17.407699      17.42518
     17.408232     17.425612
     17.408761     17.426042
     17.409286     17.426468
     17.409808     17.426891
     17.410326     17.427311
      17.41084     17.427728
     17.411351     17.428142
     17.411859     17.428553
     17.412363     17.428961
     17.412864     17.429366
     17.413361     17.429769
     17.413855     17.430168
     17.414346     17.430565
     17.414833     17.430959
     17.415317      17.43135
     17.415797     17.431738
     17.416275     17.432123
     17.416749     17.432506
     17.417219     17.432886
     17.417687     17.433263
     17.418151     17.433638
     17.418613      17.43401
     17.419071     17.434379
     17.419526     17.434746
     17.419977      17.43511
     17.420426     17.435471
     17.420872      17.43583
     17.421315     17.436186
     17.421754      17.43654
     17.422191     17.436891
     17.422625      17.43724
     17.423055     17.437586
     17.423483      17.43793
     17.423908     17.438271
      17.42433      17.43861
     17.424749     17.438946
     17.425165      17.43928
     17.425578     17.439612
     17.425989     17.439941
     17.426397     17.440268
     17.426802     17.440592
     17.427204     17.440915
     17.427603     17.441235
        17.428     17.441552
     17.428394     17.441868
     17.428785     17.442181
     17.429174     17.442492
      17.42956       17.4428
     17.429943     17.443107
     17.430324     17.443411
     17.430702     17.443713
     17.431078     17.444013
     17.431451     17.444311
     17.431821     17.444607
     17.432189     17.444901
     17.432555     17.445192
     17.432918     17.445482
     17.433278     17.445769
     17.433636     17.446054
     17.433992     17.446337
     17.434345     17.446619
     17.434696     17.446898
     17.435044     17.447175
      17.43539     17.447451
     17.435734     17.447724
     17.436075     17.447995
     17.436414     17.448265
      17.43675     17.448532
     17.437085     17.448798
     17.437417     17.449061
     17.437747     17.449323
     17.438074     17.449583
     17.438399     17.449841
     17.438722     17.450098
     17.439043     17.450352
     17.439362     17.450605
     17.439678     17.450855
     17.439993     17.451104
     17.440305     17.451352
     17.440615     17.451597
     17.440923     17.451841
     17.441229     17.452083
     17.441533     17.452323
     17.441834     17.452562
     17.442134     17.452798
     17.442431     17.453034
     17.442727     17.453267
     17.443021     17.453499
     17.443312     17.453729
     17.443602     17.453957
     17.443889     17.454184
     17.444175      17.45441
     17.444459     17.454633
      17.44474     17.454855
      17.44502     17.455076
     17.445298     17.455295
     17.445574     17.455512
     17.445848     17.455728
      17.44612     17.455942
     17.446391     17.456155
     17.446659     17.456366
     17.446926     17.456576
     17.447191     17.456784
     17.447454      17.45699
     17.447715     17.457196
     17.447975     17.457399
     17.448232     17.457602
     17.448488     17.457803
     17.448743     17.458002
     17.448995       17.4582
     17.449246     17.458397
     17.449495     17.458592
     17.449742     17.458786
     17.449988     17.458978
     17.450232     17.459169
     17.450474     17.459359
     17.450715     17.459547
     17.450954     17.459734
     17.451191      17.45992
     17.451427     17.460104
     17.451661     17.460287
     17.451894     17.460469
     17.452125     17.460649
     17.452354     17.460828
     17.452582     17.461006
     17.452808     17.461183
     17.453033     17.461358
     17.453256     17.461532
     17.453478     17.461705
     17.453698     17.461877
     17.453917     17.462047
     17.454134     17.462216
      17.45435     17.462384
     17.454564     17.462551
     17.454777     17.462716
     17.454988     17.462881
     17.455198     17.463044
     17.455406     17.463206
     17.455614     17.463367
     17.455819     17.463526
     17.456023     17.463685
     17.456226     17.463842
     17.456428     17.463999
     17.456628     17.464154
     17.456826     17.464308
     17.457024     17.464461
      17.45722     17.464613
     17.457414     17.464764
     17.457608     17.464914
       17.4578     17.465062
      17.45799      17.46521
      17.45818     17.465356
     17.458368     17.465502
     17.458555     17.465646
      17.45874      17.46579
     17.458924     17.465932
     17.459107     17.466074
     17.459289     17.466214
      17.45947     17.466354
     17.459649     17.466492
     17.459827     17.466629
     17.460004     17.466766
      17.46018     17.466901
     17.460354     17.467036
     17.460527     17.467169
     17.460699     17.467302
      17.46087     17.467434
      17.46104     17.467564
     17.461209     17.467694
     17.461376     17.467823
     17.461542     17.467951
     17.461708     17.468078
     17.461872     17.468204
     17.462034     17.468329
     17.462196     17.468453
     17.462357     17.468577
     17.462517     17.468699
     17.462675     17.468821
     17.462832     17.468942
     17.462989     17.469062
     17.463144     17.469181
     17.463298     17.469299
     17.463452     17.469416
     17.463604     17.469533
     17.463755     17.469649
     17.463905     17.469764
     17.464054     17.469878
     17.464202     17.469991
     17.464349     17.470103
     17.464495     17.470215
      17.46464     17.470326
     17.464784     17.470436
     17.464927     17.470545
     17.465069     17.470654
      17.46521     17.470761
      17.46535     17.470868
     17.465489     17.470975
     17.465628      17.47108
     17.465765     17.471185
     17.465901     17.471289
     17.466037     17.471392
     17.466171     17.471494
     17.466305     17.471596
     17.466437     17.471697
     17.466569     17.471797
       17.4667     17.471897
      17.46683     17.471996
     17.466959     17.472094
     17.467087     17.472191
     17.467215     17.472288
     17.467341     17.472384
     17.467467     17.472479
     17.467591     17.472574
     17.467715     17.472668
     17.467838     17.472761
      17.46796     17.472854
     17.468082     17.472946
     17.468202     17.473037
     17.468322     17.473128
     17.468441     17.473218
     17.468559     17.473308
     17.468676     17.473396
     17.468793     17.473485
     17.468908     17.473572
     17.469023     17.473659
     17.469137     17.473745
     17.469251     17.473831
     17.469363     17.473916
     17.469475        17.474
     17.469586     17.474084
     17.469696     17.474167
     17.469806      17.47425
     17.469915     17.474332
     17.470023     17.474414
      17.47013     17.474494
     17.470237     17.474575
     17.470342     17.474655
     17.470448     17.474734
     17.470552     17.474812
     17.470656      17.47489
     17.470759     17.474968
     17.470861     17.475045
     17.470962     17.475121
     17.471063     17.475197
     17.471164     17.475272
     17.471263     17.475347
     17.471362     17.475421
      17.47146     17.475495
     17.471558     17.475568
     17.471654     17.475641
      17.47175     17.475713
     17.471846     17.475784
     17.471941     17.475856
     17.472035     17.475926
     17.472129     17.475996
     17.472222     17.476066
     17.472314     17.476135
     17.472405     17.476204
     17.472497     17.476272
     17.472587     17.476339
     17.472677     17.476406
     17.472766     17.476473
     17.472854     17.476539
     17.472942     17.476605
      17.47303      17.47667
     17.473117     17.476735
     17.473203     17.476799
     17.473288     17.476863
     17.473373     17.476927
     17.473458      17.47699
     17.473542     17.477052
     17.473625     17.477114
     17.473708     17.477176
      17.47379     17.477237
     17.473871     17.477298
     17.473952     17.477358
     17.474033     17.477418
     17.474113     17.477477
     17.474192     17.477536
     17.474271     17.477595
     17.474349     17.477653
     17.474427     17.477711
     17.474504     17.477768
     17.474581     17.477825
     17.474657     17.477882
     17.474733     17.477938
     17.474808     17.477993
     17.474883     17.478049
     17.474957     17.478104
      17.47503     17.478158
     17.475104     17.478212
     17.475176     17.478266
     17.475248      17.47832
      17.47532     17.478373
     17.475391     17.478425
     17.475462     17.478478
     17.475532     17.478529
     17.475602     17.478581
     17.475671     17.478632
      17.47574     17.478683
     17.475808     17.478733
     17.475876     17.478783
     17.475943     17.478833
      17.47601     17.478882
     17.476076     17.478931
     17.476142      17.47898
     17.476208     17.479028
     17.476273     17.479076
     17.476338     17.479124
     17.476402     17.479171
     17.476466     17.479218
     17.476529     17.479265
     17.476592     17.479311
     17.476654     17.479357
     17.476716     17.479402
     17.476778     17.479448
     17.476839     17.479493
       17.4769     17.479537
      17.47696     17.479582
      17.47702     17.479626
      17.47708     17.479669
     17.477139     17.479713
     17.477198     17.479756
     17.477256     17.479799
     17.477314     17.479841
     17.477372     17.479883
     17.477429     17.479925
     17.477485     17.479967
     17.477542     17.480008
     17.477598     17.480049
     17.477653     17.480089
     17.477709      17.48013
     17.477764      17.48017
     17.477818      17.48021
     17.477872     17.480249
     17.477926     17.480288
     17.477979     17.480327
     17.478032     17.480366
     17.478085     17.480404
     17.478137     17.480443
     17.478189      17.48048
     17.478241     17.480518
     17.478292     17.480555
     17.478343     17.480592
     17.478393     17.480629
     17.478443     17.480666
     17.478493     17.480702
     17.478543     17.480738
     17.478592     17.480774
     17.478641     17.480809
     17.478689     17.480844
     17.478737     17.480879
     17.478785     17.480914
     17.478833     17.480949
      17.47888     17.480983
     17.478927     17.481017
     17.478973     17.481051
     17.479019     17.481084
     17.479065     17.481117
     17.479111     17.481151
     17.479156     17.481183
     17.479201     17.481216
     17.479246     17.481248
      17.47929      17.48128
     17.479334     17.481312
     17.479378     17.481344
     17.479422     17.481375
     17.479465     17.481407
     17.479508     17.481437
      17.47955     17.481468
     17.479592     17.481499
     17.479634     17.481529
     17.479676     17.481559
     17.479718     17.481589
     17.479759     17.481619
       17.4798     17.481648
      17.47984     17.481677
      17.47988     17.481707
      17.47992     17.481735
      17.47996     17.481764
         17.48     17.481792
     17.480039     17.481821
     17.480078     17.481849
     17.480117     17.481876
     17.480155     17.481904
     17.480193     17.481932
     17.480231     17.481959
     17.480269     17.481986
     17.480306     17.482013
     17.480343     17.482039
      17.48038     17.482066
     17.480417     17.482092
     17.480453     17.482118
     17.480489     17.482144
     17.480525      17.48217
     17.480561     17.482195
     17.480596     17.482221
     17.480631     17.482246
     17.480666     17.482271
     17.480701     17.482296
     17.480735      17.48232
     17.480769     17.482345
     17.480803     17.482369
     17.480837     17.482393
     17.480871     17.482417
     17.480904     17.482441
     17.480937     17.482464
      17.48097     17.482488
     17.481002     17.482511
     17.481035     17.482534
     17.481067     17.482557
     17.481099      17.48258
     17.481131     17.482602
     17.481162     17.482625
     17.481193     17.482647
     17.481224     17.482669
     17.481255     17.482691
     17.481286     17.482713
     17.481316     17.482735
     17.481347     17.482756
     17.481377     17.482778
     17.481406     17.482799
     17.481436      17.48282
     17.481465     17.482841
     17.481495     17.482861
     17.481524     17.482882
     17.481552     17.482902
     17.481581     17.482923
      17.48161     17.482943
     17.481638     17.482963
     17.481666     17.482983
     17.481694     17.483003
     17.481721     17.483022
     17.481749     17.483042
     17.481776     17.483061
     17.481803      17.48308
      17.48183     17.483099
     17.481857     17.483118
     17.481883     17.483137
      17.48191     17.483155
     17.481936     17.483174
     17.481962     17.483192
     17.481988      17.48321
     17.482013     17.483229
     17.482039     17.483247
     17.482064     17.483264
     17.482089     17.483282
     17.482114       17.4833
     17.482139     17.483317
     17.482164     17.483335
     17.482188     17.483352
     17.482212     17.483369
     17.482236     17.483386
      17.48226     17.483403
     17.482284     17.483419
     17.482308     17.483436
     17.482331     17.483452
     17.482355     17.483469
     17.482378     17.483485
     17.482401     17.483501
     17.482424     17.483517
     17.482446     17.483533
     17.482469     17.483549
     17.482491     17.483565
     17.482513      17.48358
     17.482535     17.483596
     17.482557     17.483611
     17.482579     17.483626
     17.482601     17.483641
     17.482622     17.483657
     17.482644     17.483671
     17.482665     17.483686
     17.482686     17.483701
     17.482707     17.483716
     17.482727      17.48373
     17.482748     17.483744
     17.482768     17.483759
     17.482789     17.483773
     17.482809     17.483787
     17.482829     17.483801
     17.482849     17.483815
     17.482869     17.483829
     17.482888     17.483842
     17.482908     17.483856
     17.482927     17.483869
     17.482946     17.483883
     17.482966     17.483896
     17.482985     17.483909
     17.483003     17.483922
     17.483022     17.483936
     17.483041     17.483948
     17.483059     17.483961
     17.483078     17.483974
     17.483096     17.483987
     17.483114     17.483999
     17.483132     17.484012
      17.48315     17.484024
     17.483167     17.484036
     17.483185     17.484049
     17.483202     17.484061
      17.48322     17.484073
     17.483237     17.484085
     17.483254     17.484097
     17.483271     17.484108
     17.483288      17.48412
     17.483305     17.484132
     17.483322     17.484143
     17.483338     17.484155
     17.483355     17.484166
     17.483371     17.484177
     17.483387     17.484188
     17.483403       17.4842
     17.483419     17.484211
     17.483435     17.484222
     17.483451     17.484233
     17.483466     17.484243
     17.483482     17.484254
     17.483498     17.484265
     17.483513     17.484275
     17.483528     17.484286
     17.483543     17.484296
     17.483558     17.484307
     17.483573     17.484317
     17.483588     17.484327
     17.483603     17.484337
     17.483617     17.484347
     17.483632     17.484357
     17.483646     17.484367
     17.483661     17.484377
     17.483675     17.484387
     17.483689     17.484397
     17.483703     17.484406
     17.483717     17.484416
     17.483731     17.484425
     17.483745     17.484435
     17.483758     17.484444
     17.483772     17.484453
     17.483785     17.484463
     17.483799     17.484472
     17.483812     17.484481
     17.483825      17.48449
     17.483838     17.484499
     17.483851     17.484508
     17.483864     17.484517
     17.483877     17.484525
      17.48389     17.484534
     17.483903     17.484543
     17.483915     17.484551
     17.483928      17.48456
      17.48394     17.484568
     17.483952     17.484577
     17.483965     17.484585
     17.483977     17.484593
     17.483989     17.484602
     17.484001      17.48461
     17.484013     17.484618
     17.484025     17.484626
     17.484036     17.484634
     17.484048     17.484642
      17.48406      17.48465
     17.484071     17.484658
     17.484083     17.484665
     17.484094     17.484673
     17.484105     17.484681
     17.484116     17.484688
     17.484128     17.484696
     17.484139     17.484703
      17.48415     17.484711
     17.484161     17.484718
     17.484171     17.484726
     17.484182     17.484733
     17.484193      17.48474
     17.484203     17.484747
     17.484214     17.484755
     17.484224     17.484762
     17.484235     17.484769
     17.484245     17.484776
     17.484255     17.484783
     17.484266     17.484789
     17.484276     17.484796
     17.484286     17.484803
     17.484296      17.48481
     17.484306     17.484816
     17.484315     17.484823
     17.484325      17.48483
     17.484335     17.484836
     17.484345     17.484843
     17.484354     17.484849
     17.484364     17.484856
     17.484373     17.484862
     17.484382     17.484868
     17.484392     17.484875
     17.484401     17.484881
      17.48441     17.484887
     17.484419     17.484893
     17.484428     17.484899
     17.484437     17.484905
     17.484446     17.484911
     17.484455     17.484917
     17.484464     17.484923
     17.484473     17.484929
     17.484481     17.484935
      17.48449     17.484941
     17.484499     17.484946
     17.484507     17.484952
     17.484516     17.484958
     17.484524     17.484963
     17.484532     17.484969
     17.484541     17.484975
     17.484549      17.48498
     17.484557     17.484986
     17.484565     17.484991
     17.484573     17.484996
     17.484581     17.485002
     17.484589     17.485007
     17.484597     17.485012
     17.484605     17.485018
     17.484613     17.485023
      17.48462     17.485028
     17.484628     17.485033
     17.484636     17.485038
     17.484643     17.485043
     17.484651     17.485048
     17.484658     17.485053
     17.484666     17.485058
     17.484673     17.485063
     17.484681     17.485068
     17.484688     17.485073
     17.484695     17.485078
     17.484702     17.485082
     17.484709     17.485087
     17.484716     17.485092
     17.484723     17.485097
      17.48473     17.485101
     17.484737     17.485106
     17.484744      17.48511
     17.484751     17.485115
     17.484758     17.485119
     17.484765     17.485124
     17.484771     17.485128
     17.484778     17.485133
     17.484785     17.485137
     17.484791     17.485142
     17.484798     17.485146
     17.484804      17.48515
     17.484811     17.485154
     17.484817     17.485159
     17.484823     17.485163
      17.48483     17.485167
     17.484836     17.485171
     17.484842     17.485175
     17.484848     17.485179
     17.484854     17.485183
     17.484861     17.485187
     17.484867     17.485191
     17.484873     17.485195
     17.484879     17.485199
     17.484884     17.485203
      17.48489     17.485207
     17.484896     17.485211
     17.484902     17.485215
     17.484908     17.485219
     17.484914     17.485222
     17.484919     17.485226
     17.484925      17.48523
      17.48493     17.485234
     17.484936     17.485237
     17.484942     17.485241
     17.484947     17.485244
     17.484953     17.485248
     17.484958     17.485252
     17.484963     17.485255
     17.484969     17.485259
     17.484974     17.485262
     17.484979     17.485266
     17.484985     17.485269
      17.48499     17.485272
     17.484995     17.485276
        17.485     17.485279
     17.485005     17.485283
      17.48501     17.485286
     17.485015     17.485289
      17.48502     17.485292
     17.485025     17.485296
      17.48503     17.485299
     17.485035     17.485302
      17.48504     17.485305
     17.485045     17.485308
     17.485049     17.485312
     17.485054     17.485315
     17.485059     17.485318
     17.485064     17.485321
     17.485068     17.485324
     17.485073     17.485327
     17.485078      17.48533
     17.485082     17.485333
     17.485087     17.485336
     17.485091     17.485339
     17.485096     17.485342
       17.4851     17.485345
     17.485104     17.485347
     17.485109      17.48535
     17.485113     17.485353
     17.485118     17.485356
     17.485122     17.485359
     17.485126     17.485361
      17.48513     17.485364
     17.485135     17.485367
     17.485139      17.48537
     17.485143     17.485372
     17.485147     17.485375
     17.485151     17.485378
     17.485155      17.48538
     17.485159     17.485383
     17.485163     17.485386
     17.485167     17.485388
     17.485171     17.485391
     17.485175     17.485393
     17.485179     17.485396
     17.485183     17.485398
     17.485187     17.485401
     17.485191     17.485403
     17.485194     17.485406
     17.485198     17.485408
     17.485202     17.485411
     17.485206     17.485413
     17.485209     17.485415
     17.485213     17.485418
     17.485217      17.48542
      17.48522     17.485422
     17.485224     17.485425
     17.485227     17.485427
     17.485231     17.485429
     17.485234     17.485432
     17.485238     17.485434
     17.485241     17.485436
     17.485245     17.485438
     17.485248      17.48544
     17.485252     17.485443
     17.485255     17.485445
     17.485258     17.485447
     17.485262     17.485449
     17.485265     17.485451
     17.485268     17.485453
     17.485272     17.485455
     17.485275     17.485458
     17.485278      17.48546
     17.485281     17.485462
     17.485284     17.485464
     17.485288     17.485466
     17.485291     17.485468
     17.485294      17.48547
     17.485297     17.485472
       17.4853     17.485474
     17.485303     17.485476
     17.485306     17.485478
     17.485309     17.485479
     17.485312     17.485481
     17.485315     17.485483
     17.485318     17.485485
     17.485321     17.485487
     17.485324     17.485489
     17.485327     17.485491
      17.48533     17.485493
     17.485332     17.485494
     17.485335     17.485496
     17.485338     17.485498
     17.485341       17.4855
     17.485344     17.485502
     17.485346     17.485503
     17.485349     17.485505
     17.485352     17.485507
     17.485355     17.485508
     17.485357      17.48551
      17.48536     17.485512
     17.485363     17.485514
     17.485365     17.485515
     17.485368     17.485517
      17.48537     17.485519
     17.485373      17.48552
     17.485376     17.485522
     17.485378     17.485523
     17.485381     17.485525
     17.485383     17.485527
     17.485386     17.485528
     17.485388      17.48553
      17.48539     17.485531
     17.485393     17.485533
     17.485395     17.485534
     17.485398     17.485536
       17.4854     17.485537
     17.485402     17.485539
     17.485405      17.48554
     17.485407     17.485542
     17.485409     17.485543
     17.485412     17.485545
     17.485414     17.485546
     17.485416     17.485548
     17.485419     17.485549
     17.485421      17.48555
     17.485423     17.485552
     17.485425     17.485553
     17.485427     17.485555
      17.48543     17.485556
     17.485432     17.485557
     17.485434     17.485559
     17.485436      17.48556
     17.485438     17.485561
      17.48544     17.485563
     17.485442     17.485564
     17.485445     17.485565
     17.485447     17.485567
     17.485449     17.485568
     17.485451     17.485569
     17.485453      17.48557
     17.485455     17.485572
     17.485457     17.485573
     17.485459     17.485574
     17.485461     17.485575
     17.485463     17.485577
     17.485465     17.485578
     17.485466     17.485579
     17.485468      17.48558
      17.48547     17.485581
     17.485472     17.485583
     17.485474     17.485584
     17.485476     17.485585
     17.485478     17.485586
      17.48548     17.485587
     17.485481     17.485588
     17.485483      17.48559
     17.485485     17.485591
     17.485487     17.485592
     17.485489     17.485593
      17.48549     17.485594
     17.485492     17.485595
     17.485494     17.485596
     17.485496     17.485597
     17.485497     17.485598
     17.485499     17.485599
     17.485501       17.4856
     17.485502     17.485602
     17.485504     17.485603
     17.485506     17.485604
     17.485507     17.485605
     17.485509     17.485606
     17.485511     17.485607
     17.485512     17.485608
     17.485514     17.485609
     17.485515      17.48561
     17.485517     17.485611
     17.485519     17.485612
      17.48552     17.485613
     17.485522     17.485614
     17.485523     17.485614
     17.485525     17.485615
     17.485526     17.485616
     17.485528     17.485617
     17.485529     17.485618
     17.485531     17.485619
     17.485532      17.48562
     17.485534     17.485621
     17.485535     17.485622
     17.485537     17.485623
     17.485538     17.485624
     17.485539     17.485625
     17.485541     17.485625
     17.485542     17.485626
     17.485544     17.485627
     17.485545     17.485628
     17.485546     17.485629
     17.485548      17.48563
     17.485549     17.485631
     17.485551     17.485631
     17.485552     17.485632
     17.485553     17.485633
     17.485555     17.485634
     17.485556     17.485635
     17.485557     17.485635
     17.485558     17.485636
      17.48556     17.485637
     17.485561     17.485638
     17.485562     17.485639
     17.485564     17.485639
     17.485565      17.48564
     17.485566     17.485641
     17.485567     17.485642
     17.485569     17.485642
      17.48557     17.485643
     17.485571     17.485644
     17.485572     17.485645
     17.485573     17.485645
     17.485575     17.485646
     17.485576     17.485647
     17.485577     17.485648
     17.485578     17.485648
     17.485579     17.485649
      17.48558      17.48565
     17.485581      17.48565
     17.485583     17.485651
     17.485584     17.485652
     17.485585     17.485652
     17.485586     17.485653
     17.485587     17.485654
     17.485588     17.485654
     17.485589     17.485655
      17.48559     17.485656
     17.485591     17.485656
     17.485592     17.485657
     17.485593     17.485658
     17.485595     17.485658
     17.485596     17.485659
     17.485597      17.48566
     17.485598      17.48566
     17.485599     17.485661
       17.4856     17.485661
     17.485601     17.485662
     17.485602     17.485663
     17.485603     17.485663
     17.485604     17.485664
     17.485605     17.485664
     17.485606     17.485665
     17.485607     17.485666
     17.485608     17.485666
     17.485608     17.485667
     17.485609     17.485667
      17.48561     17.485668
     17.485611     17.485668
     17.485612     17.485669
     17.485613      17.48567
     17.485614      17.48567
     17.485615     17.485671
     17.485616     17.485671
     17.485617     17.485672
     17.485618     17.485672
     17.485619     17.485673
     17.485619     17.485673
      17.48562     17.485674
     17.485621     17.485674
     17.485622     17.485675
     17.485623     17.485675
     17.485624     17.485676
     17.485625     17.485676
     17.485625     17.485677
     17.485626     17.485678
     17.485627     17.485678
     17.485628     17.485678
     17.485629     17.485679
     17.485629     17.485679
      17.48563      17.48568
     17.485631      17.48568
     17.485632     17.485681
     17.485633     17.485681
     17.485633     17.485682
     17.485634     17.485682
     17.485635     17.485683
     17.485636     17.485683
     17.485637     17.485684
     17.485637     17.485684
     17.485638     17.485685
     17.485639     17.485685
      17.48564     17.485685
      17.48564     17.485686
     17.485641     17.485686
     17.485642     17.485687
     17.485642     17.485687
     17.485643     17.485688
     17.485644     17.485688
     17.485645     17.485688
     17.485645     17.485689
     17.485646     17.485689
     17.485647      17.48569
     17.485647      17.48569
     17.485648     17.485691
     17.485649     17.485691
     17.485649     17.485691
      17.48565     17.485692
     17.485651     17.485692
     17.485651     17.485693
     17.485652     17.485693
     17.485653     17.485693
     17.485653     17.485694
     17.485654     17.485694
     17.485655     17.485694
     17.485655     17.485695
     17.485656     17.485695
     17.485656     17.485696
     17.485657     17.485696
     17.485658     17.485696
     17.485658     17.485697
     17.485659     17.485697
     17.485659     17.485697
      17.48566     17.485698
     17.485661     17.485698
     17.485661     17.485698
     17.485662     17.485699
     17.485662     17.485699
     17.485663     17.485699
     17.485664       17.4857
     17.485664       17.4857
     17.485665     17.485701
     17.485665     17.485701
     17.485666     17.485701
     17.485666     17.485701
     17.485667     17.485702
     17.485667     17.485702
     17.485668     17.485702
     17.485669     17.485703
     17.485669     17.485703
      17.48567     17.485703
      17.48567     17.485704
     17.485671     17.485704
     17.485671     17.485704
     17.485672     17.485705
     17.485672     17.485705
     17.485673     17.485705
     17.485673     17.485706
     17.485674     17.485706
     17.485674     17.485706
     17.485675     17.485706
     17.485675     17.485707
     17.485676     17.485707
     17.485676     17.485707
     17.485677     17.485708
     17.485677     17.485708
     17.485678     17.485708
     17.485678     17.485708
     17.485679     17.485709
     17.485679     17.485709
      17.48568     17.485709
      17.48568      17.48571
      17.48568      17.48571
     17.485681      17.48571
     17.485681      17.48571
     17.485682     17.485711
     17.485682     17.485711
     17.485683     17.485711
     17.485683     17.485711
     17.485684     17.485712
     17.485684     17.485712
     17.485684     17.485712
     17.485685     17.485712
     17.485685     17.485713
     17.485686     17.485713
     17.485686     17.485713
     17.485687     17.485713
     17.485687     17.485714
     17.485687     17.485714
     17.485688     17.485714
     17.485688     17.485714
     17.485689     17.485715
     17.485689     17.485715
     17.485689     17.485715
      17.48569     17.485715
      17.48569     17.485715
     17.485691     17.485716
     17.485691     17.485716
     17.485691     17.485716
     17.485692     17.485716
     17.485692     17.485717
     17.485692     17.485717
     17.485693     17.485717
     17.485693     17.485717
     17.485694     17.485717
     17.485694     17.485718
     17.485694     17.485718
     17.485695     17.485718
     17.485695     17.485718
     17.485695     17.485718
     17.485696     17.485719
     17.485696     17.485719
     17.485696     17.485719
     17.485697     17.485719
     17.485697     17.485719
     17.485697      17.48572
     17.485698      17.48572
     17.485698      17.48572
     17.485698      17.48572
     17.485699      17.48572
     17.485699     17.485721
     17.485699     17.485721
       17.4857     17.485721
       17.4857     17.485721
       17.4857     17.485721
     17.485701     17.485722
     17.485701     17.485722
     17.485701     17.485722
     17.485702     17.485722
     17.485702     17.485722
     17.485702     17.485722
     17.485703     17.485723
     17.485703     17.485723
     17.485703     17.485723
     17.485704     17.485723
     17.485704     17.485723
     17.485704     17.485724
     17.485704     17.485724
     17.485705     17.485724
     17.485705     17.485724
     17.485705     17.485724
     17.485706     17.485724
     17.485706     17.485725
     17.485706     17.485725
     17.485706     17.485725
     17.485707     17.485725
     17.485707     17.485725
     17.485707     17.485725
     17.485708     17.485725
     17.485708     17.485726
     17.485708     17.485726
     17.485708     17.485726
     17.485709     17.485726
     17.485709     17.485726
     17.485709     17.485726
     17.485709     17.485727
      17.48571     17.485727
      17.48571     17.485727
      17.48571     17.485727
      17.48571     17.485727
     17.485711     17.485727
     17.485711     17.485727
     17.485711     17.485728
     17.485711     17.485728
     17.485712     17.485728
     17.485712     17.485728
     17.485712     17.485728
     17.485712     17.485728
     17.485713     17.485728
     17.485713     17.485728
     17.485713     17.485729
     17.485713     17.485729
     17.485714     17.485729
     17.485714     17.485729
     17.485714     17.485729
     17.485714     17.485729
     17.485714     17.485729
     17.485715      17.48573
     17.485715      17.48573
     17.485715      17.48573
     17.485715      17.48573
     17.485716      17.48573
     17.485716      17.48573
     17.485716      17.48573
     17.485716      17.48573
     17.485716     17.485731
     17.485717     17.485731
     17.485717     17.485731
     17.485717     17.485731
     17.485717     17.485731
     17.485717     17.485731
     17.485718     17.485731
     17.485718     17.485731
     17.485718     17.485731
     17.485718     17.485732
     17.485718     17.485732
     17.485719     17.485732
     17.485719     17.485732
     17.485719     17.485732
     17.485719     17.485732
     17.485719     17.485732
      17.48572     17.485732
      17.48572     17.485732
      17.48572     17.485733
      17.48572     17.485733
      17.48572     17.485733
     17.485721     17.485733
     17.485721     17.485733
     17.485721     17.485733
     17.485721     17.485733
     17.485721     17.485733
     17.485721     17.485733
     17.485722     17.485733
     17.485722     17.485734
     17.485722     17.485734
     17.485722     17.485734
     17.485722     17.485734
     17.485722     17.485734
     17.485723     17.485734
     17.485723     17.485734
     17.485723     17.485734
     17.485723     17.485734
     17.485723     17.485734
     17.485723     17.485734
     17.485724     17.485735
     17.485724     17.485735
     17.485724     17.485735
     17.485724     17.485735
     17.485724     17.485735
     17.485724     17.485735
     17.485725     17.485735
     17.485725     17.485735
     17.485725     17.485735
     17.485725     17.485735
     17.485725     17.485735
     17.485725     17.485736
     17.485725     17.485736
     17.485726     17.485736
     17.485726     17.485736
     17.485726     17.485736
     17.485726     17.485736
     17.485726     17.485736
     17.485726     17.485736
     17.485726     17.485736
     17.485727     17.485736
     17.485727     17.485736
     17.485727     17.485736
     17.485727     17.485736
     17.485727     17.485737
     17.485727     17.485737
     17.485727     17.485737
     17.485728     17.485737
     17.485728     17.485737
     17.485728     17.485737
     17.485728     17.485737
     17.485728     17.485737
     17.485728     17.485737
     17.485728     17.485737
     17.485728     17.485737
     17.485729     17.485737
     17.485729     17.485737
     17.485729     17.485737
     17.485729     17.485738
     17.485729     17.485738
     17.485729     17.485738
     17.485729     17.485738
     17.485729     17.485738
      17.48573     17.485738
      17.48573     17.485738
      17.48573     17.485738
      17.48573     17.485738
      17.48573     17.485738
      17.48573     17.485738
      17.48573     17.485738
      17.48573     17.485738
     17.485731     17.485738
     17.485731     17.485738
     17.485731     17.485739
     17.485731     17.485739
     17.485731     17.485739
     17.485731     17.485739
     17.485731     17.485739
     17.485731     17.485739
     17.485731     17.485739
     17.485732     17.485739
     17.485732     17.485739
     17.485732     17.485739
     17.485732     17.485739
     17.485732     17.485739
     17.485732     17.485739
     17.485732     17.485739
     17.485732     17.485739
     17.485732     17.485739
     17.485732     17.485739
     17.485733      17.48574
     17.485733      17.48574
     17.485733      17.48574
     17.485733      17.48574
     17.485733      17.48574
     17.485733      17.48574
     17.485733      17.48574
     17.485733      17.48574
     17.485733      17.48574
     17.485733      17.48574
     17.485734      17.48574
     17.485734      17.48574
     17.485734      17.48574
     17.485734      17.48574
     17.485734      17.48574
     17.485734      17.48574
     17.485734      17.48574
     17.485734      17.48574
     17.485734      17.48574
     17.485734      17.48574
     17.485734     17.485741
     17.485735     17.485741
     17.485735     17.485741
     17.485735     17.485741
     17.485735     17.485741
     17.485735     17.485741
     17.485735     17.485741
     17.485735     17.485741
     17.485735     17.485741
     17.485735     17.485741
     17.485735     17.485741
     17.485735     17.485741
     17.485735     17.485741
     17.485735     17.485741
     17.485736     17.485741
     17.485736     17.485741
     17.485736     17.485741
     17.485736     17.485741
     17.485736     17.485741
     17.485736     17.485741
     17.485736     17.485741
     17.485736     17.485741
     17.485736     17.485741
     17.485736     17.485742
     17.485736     17.485742
     17.485736     17.485742
     17.485736     17.485742
     17.485737     17.485742
     17.485737     17.485742
     17.485737     17.485742
     17.485737     17.485742
     17.485737     17.485742
     17.485737     17.485742
     17.485737     17.485742
     17.485737     17.485742
     17.485737     17.485742
     17.485737     17.485742
     17.485737     17.485742
     17.485737     17.485742
     17.485737     17.485742
     17.485737     17.485742
     17.485738     17.485742
     17.485738     17.485742
     17.485738     17.485742
     17.485738     17.485742
     17.485738     17.485742
     17.485738     17.485742
     17.485738     17.485742
     17.485738     17.485742
     17.485738     17.485742
     17.485738     17.485743
     17.485738     17.485743
     17.485738     17.485743
     17.485738     17.485743
     17.485738     17.485743
     17.485738     17.485743
     17.485738     17.485743
     17.485739     17.485743
     17.485739     17.485743
     17.485739     17.485743
     17.485739     17.485743
     17.485739     17.485743
     17.485739     17.485743
     17.485739     17.485743
     17.485739     17.485743
     17.485739     17.485743
     17.485739     17.485743
     17.485739     17.485743
     17.485739     17.485743
     17.485739     17.485743
     17.485739     17.485743
     17.485739     17.485743
     17.485739     17.485743
     17.485739     17.485743
     17.485739     17.485743
      17.48574     17.485743
      17.48574     17.485743
      17.48574     17.485743
      17.48574     17.485743
      17.48574     17.485743
      17.48574     17.485743
      17.48574     17.485743
      17.48574     17.485743
      17.48574     17.485743
      17.48574     17.485744
      17.48574     17.485744
      17.48574     17.485744
      17.48574     17.485744
      17.48574     17.485744
      17.48574     17.485744
      17.48574     17.485744
      17.48574     17.485744
      17.48574     17.485744
      17.48574     17.485744
      17.48574     17.485744
      17.48574     17.485744
     17.485741     17.485744
     17.485741     17.485744
     17.485741     17.485744
     17.485741     17.485744
     17.485741     17.485744
     17.485741     17.485744
     17.485741     17.485744
     17.485741     17.485744
     17.485741     17.485744
     17.485741     17.485744
     17.485741     17.485744
     17.485741     17.485744
     17.485741     17.485744
     17.485741     17.485744
     17.485741     17.485744
     17.485741     17.485744
     17.485741     17.485744
     17.485741     17.485744
     17.485741     17.485744
     17.485741     17.485744
     17.485741     17.485744
     17.485741     17.485744
     17.485741     17.485744
     17.485741     17.485744
     17.485742     17.485744
     17.485742     17.485744
     17.485742     17.485744
     17.485742     17.485744
     17.485742     17.485744
     17.485742     17.485744
     17.485742     17.485744
     17.485742     17.485744
     17.485742     17.485744
     17.485742     17.485745
     17.485742     17.485745
     17.485742     17.485745
     17.485742     17.485745
     17.485742     17.485745
     17.485742     17.485745
     17.485742     17.485745
     17.485742     17.485745
     17.485742     17.485745
     17.485742     17.485745
     17.485742     17.485745
     17.485742     17.485745
     17.485742     17.485745
     17.485742     17.485745
     17.485742     17.485745
     17.485742     17.485745
     17.485742     17.485745
     17.485742     17.485745
     17.485742     17.485745
     17.485743     17.485745
     17.485743     17.485745
     17.485743     17.485745
     17.485743     17.485745
     17.485743     17.485745
     17.485743     17.485745
     17.485743     17.485745
     17.485743     17.485745
     17.485743     17.485745
     17.485743     17.485745
     17.485743     17.485745
     17.485743     17.485745
     17.485743     17.485745
     17.485743     17.485745
     17.485743     17.485745
     17.485743     17.485745
     17.485743     17.485745
     17.485743     17.485745
     17.485743     17.485745
     17.485743     17.485745
     17.485743     17.485745
     17.485743     17.485745
     17.485743     17.485745
     17.485743     17.485745
     17.485743     17.485745
     17.485743     17.485745
     17.485743     17.485745
     17.485743     17.485745
     17.485743     17.485745
     17.485743     17.485745
     17.485743     17.485745
     17.485743     17.485745
     17.485743     17.485745
     17.485743     17.485745
     17.485743     17.485745
     17.485743     17.485745
     17.485744     17.485745
     17.485744     17.485745
     17.485744     17.485745
     17.485744     17.485745
     17.485744     17.485745
     17.485744     17.485745
     17.485744     17.485745
     17.485744     17.485745
     17.485744     17.485745
     17.485744     17.485745
     17.485744     17.485745
     17.485744     17.485745
     17.485744     17.485746
     17.485744     17.485746
     17.485744     17.485746
     17.485744     17.485746
     17.485744     17.485746
     17.485744     17.485746
     17.485744     17.485746
     17.485744     17.485746
     17.485744     17.485746
     17.485744     17.485746
     17.485744     17.485746
     17.485744     17.485746
     17.485744     17.485746
     17.485744     17.485746
     17.485744     17.485746
     17.485744     17.485746
     17.485744     17.485746
     17.485744     17.485746
     17.485744     17.485746
     17.485744     17.485746
     17.485744     17.485746
     17.485744     17.485746
     17.485744     17.485746
     17.485744     17.485746
     17.485744     17.485746
     17.485744     17.485746
     17.485744     17.485746
     17.485744     17.485746
     17.485744     17.485746
     17.485744     17.485746
     17.485744     17.485746
     17.485744     17.485746
     17.485744     17.485746
     17.485744     17.485746
     17.485744     17.485746
     17.485745     17.485746
     17.485745     17.485746
     17.485745     17.485746
     17.485745     17.485746
     17.485745     17.485746
     17.485745     17.485746
     17.485745     17.485746
     17.485745     17.485746
     17.485745     17.485746
     17.485745     17.485746
     17.485745     17.485746
     17.485745     17.485746
     17.485745     17.485746
     17.485745     17.485746
     17.485745     17.485746
     17.485745     17.485746
     17.485745     17.485746
     17.485745     17.485746
     17.485745     17.485746
     17.485745     17.485746
     17.485745     17.485746
     17.485745     17.485746
     17.485745     17.485746
     17.485745     17.485746
     17.485745     17.485746
     17.485745     17.485746
     17.485745     17.485746
     17.485745     17.485746
     17.485745     17.485746
     17.485745     17.485746
     17.485745     17.485746
     17.485745     17.485746
     17.485745     17.485746
     17.485745     17.485746
     17.485745     17.485746
     17.485745     17.485746
     17.485745     17.485746
     17.485745     17.485746
     17.485745     17.485746
     17.485745     17.485746
     17.485745     17.485746
     17.485745     17.485746
     17.485745     17.485746
     17.485745     17.485746
     17.485745     17.485746
     17.485745     17.485746
     17.485745     17.485746
     17.485745     17.485746
     17.485745     17.485746
     17.485745     17.485746
     17.485745     17.485746
     17.485745     17.485746
     17.485745     17.485746
     17.485745     17.485746
     17.485745     17.485746
     17.485745     17.485746
     17.485745     17.485746
     17.485745     17.485746
     17.485745     17.485746
     17.485745     17.485746
     17.485745     17.485746
     17.485745     17.485746
     17.485745     17.485746
     17.485745     17.485746
     17.485745     17.485746
     17.485745     17.485746
     17.485745     17.485746
     17.485745     17.485746
     17.485745     17.485746
     17.485745     17.485746
     17.485746     17.485746
     17.485746     17.485746
     17.485746     17.485746
     17.485746     17.485746
     17.485746     17.485746
     17.485746     17.485746
     17.485746     17.485746
     17.485746     17.485746
     17.485746     17.485746
     17.485746     17.485746
     17.485746     17.485746
     17.485746     17.485746
     17.485746     17.485746
     17.485746     17.485746
     17.485746     17.485746
     17.485746     17.485746
