     RC(core)=0.019836
   0.053710018
    0.16079258
    0.26720233
    0.37294352
    0.47802035
    0.58243702
    0.68619769
    0.78930651
    0.89176757
    0.99358497
     1.0947628
      1.195305
     1.2952157
     1.3944987
     1.4931582
     1.5911979
     1.6886219
      1.785434
      1.881638
     1.9772378
     2.0722371
     2.1666399
     2.2604498
     2.3536706
     2.4463059
     2.5383596
     2.6298351
     2.7207363
     2.8110666
     2.9008298
     2.9900293
     3.0786688
     3.1667517
     3.2542815
     3.3412618
      3.427696
     3.5135875
     3.5989398
     3.6837563
     3.7680403
     3.8517952
     3.9350242
     4.0177308
     4.0999183
     4.1815898
     4.2627486
     4.3433981
     4.4235412
     4.5031814
     4.5823217
     4.6609652
     4.7391151
     4.8167746
     4.8939466
     4.9706343
     5.0468407
     5.1225689
     5.1978218
     5.2726024
     5.3469137
     5.4207587
     5.4941404
     5.5670615
      5.639525
     5.7115339
     5.7830909
     5.8541988
     5.9248606
     5.9950791
     6.0648569
      6.134197
      6.203102
     6.2715746
     6.3396177
     6.4072339
     6.4744258
     6.5411962
     6.6075478
      6.673483
     6.7390047
     6.8041152
     6.8688174
     6.9331136
     6.9970065
     7.0604987
     7.1235925
     7.1862906
     7.2485954
     7.3105093
      7.372035
     7.4331747
     7.4939309
     7.5543061
     7.6143025
     7.6739227
     7.7331689
     7.7920436
      7.850549
     7.9086875
     7.9664614
     8.0238729
     8.0809244
     8.1376181
     8.1939562
     8.2499411
     8.3055749
     8.3608598
      8.415798
     8.4703917
      8.524643
     8.5785542
     8.6321273
     8.6853645
     8.7382679
     8.7908396
     8.8430816
      8.894996
      8.946585
     8.9978504
     9.0487945
     9.0994191
     9.1497264
     9.1997182
     9.2493966
     9.2987635
     9.3478209
     9.3965708
      9.445015
     9.4931556
     9.5409943
     9.5885331
     9.6357739
     9.6827186
     9.7293689
     9.7757268
     9.8217941
     9.8675727
     9.9130642
     9.9582706
     10.003194
     10.047835
     10.092197
      10.13628
     10.180087
      10.22362
      10.26688
     10.309868
     10.352588
     10.395039
     10.437224
     10.479145
     10.520803
       10.5622
     10.603338
     10.644218
     10.684841
      10.72521
     10.765326
     10.805191
     10.844806
     10.884172
     10.923292
     10.962166
     11.000797
     11.039186
     11.077334
     11.115243
     11.152915
     11.190351
     11.227552
     11.264519
     11.301256
     11.337762
     11.374039
     11.410089
     11.445913
     11.481512
     11.516889
     11.552043
     11.586978
     11.621694
     11.656192
     11.690474
     11.724541
     11.758394
     11.792036
     11.825467
     11.858688
     11.891701
     11.924507
     11.957108
     11.989504
     12.021698
      12.05369
     12.085481
     12.117073
     12.148468
     12.179665
     12.210667
     12.241475
      12.27209
     12.302513
     12.332745
     12.362789
     12.392643
     12.422311
     12.451793
      12.48109
     12.510204
     12.539135
     12.567886
     12.596456
     12.624847
      12.65306
     12.681096
     12.708957
     12.736643
     12.764156
     12.791497
     12.818666
     12.845665
     12.872495
     12.899157
     12.925651
      12.95198
     12.978144
     13.004144
     13.029982
     13.055657
     13.081172
     13.106526
     13.131722
      13.15676
     13.181642
     13.206367
     13.230938
     13.255354
     13.279618
      13.30373
      13.32769
     13.351501
     13.375163
     13.398676
     13.422042
     13.445262
     13.468336
     13.491266
     13.514052
     13.536695
     13.559197
     13.581558
     13.603778
      13.62586
     13.647803
     13.669609
     13.691278
     13.712812
      13.73421
     13.755475
     13.776606
     13.797605
     13.818473
      13.83921
     13.859817
     13.880295
     13.900645
     13.920867
     13.940963
     13.960933
     13.980777
     14.000498
     14.020095
     14.039569
     14.058922
     14.078153
     14.097263
     14.116255
     14.135127
     14.153881
     14.172517
     14.191037
     14.209441
     14.227729
     14.245903
     14.263964
     14.281911
     14.299746
     14.317469
     14.335081
     14.352583
     14.369975
     14.387258
     14.404433
     14.421501
     14.438462
     14.455316
     14.472065
     14.488709
     14.505249
     14.521685
     14.538019
      14.55425
     14.570379
     14.586408
     14.602336
     14.618164
     14.633894
     14.649525
     14.665058
     14.680493
     14.695832
     14.711075
     14.726223
     14.741276
     14.756234
     14.771099
     14.785871
      14.80055
     14.815137
     14.829633
     14.844038
     14.858354
     14.872579
     14.886715
     14.900763
     14.914723
     14.928596
     14.942381
     14.956081
     14.969694
     14.983223
     14.996666
     15.010026
     15.023302
     15.036494
     15.049604
     15.062633
     15.075579
     15.088444
     15.101229
     15.113934
      15.12656
     15.139106
     15.151574
     15.163963
     15.176275
      15.18851
     15.200669
     15.212751
     15.224758
     15.236689
     15.248546
     15.260329
     15.272037
     15.283673
     15.295236
     15.306726
     15.318144
     15.329491
     15.340767
     15.351972
     15.363107
     15.374173
     15.385169
     15.396096
     15.406955
     15.417746
     15.428469
     15.439125
     15.449715
     15.460238
     15.470696
     15.481087
     15.491414
     15.501676
     15.511874
     15.522008
     15.532079
     15.542087
     15.552032
     15.561914
     15.571735
     15.581495
     15.591193
     15.600831
     15.610408
     15.619925
     15.629383
     15.638781
     15.648121
     15.657402
     15.666625
     15.675791
     15.684899
      15.69395
     15.702944
     15.711882
     15.720764
     15.729591
     15.738362
     15.747078
      15.75574
     15.764348
     15.772901
     15.781401
     15.789848
     15.798242
     15.806584
     15.814873
     15.823111
     15.831296
     15.839431
     15.847515
     15.855548
     15.863531
     15.871463
     15.879347
     15.887181
     15.894965
     15.902701
     15.910389
     15.918029
      15.92562
     15.933165
     15.940661
     15.948112
     15.955515
     15.962872
     15.970183
     15.977448
     15.984668
     15.991843
     15.998972
     16.006058
     16.013098
     16.020095
     16.027048
     16.033957
     16.040823
     16.047646
     16.054427
     16.061165
      16.06786
     16.074514
     16.081127
     16.087697
     16.094227
     16.100716
     16.107164
     16.113572
      16.11994
     16.126268
     16.132556
     16.138805
     16.145015
     16.151186
     16.157318
     16.163412
     16.169468
     16.175486
     16.181466
     16.187409
     16.193315
     16.199183
     16.205015
     16.210811
      16.21657
     16.222293
      16.22798
     16.233632
     16.239248
      16.24483
     16.250376
     16.255887
     16.261364
     16.266807
     16.272216
     16.277591
     16.282932
      16.28824
     16.293514
     16.298756
     16.303964
     16.309141
     16.314284
     16.319396
     16.324475
     16.329523
     16.334539
     16.339524
     16.344478
       16.3494
     16.354292
     16.359153
     16.363984
     16.368784
     16.373555
     16.378295
     16.383006
     16.387688
      16.39234
     16.396963
     16.401557
     16.406122
     16.410659
     16.415167
     16.419648
       16.4241
     16.428524
     16.432921
      16.43729
     16.441631
     16.445946
     16.450233
     16.454494
     16.458728
     16.462936
     16.467117
     16.471272
     16.475401
     16.479504
     16.483581
     16.487633
      16.49166
     16.495661
     16.499638
     16.503589
     16.507516
     16.511418
     16.515296
      16.51915
     16.522979
     16.526784
     16.530566
     16.534324
     16.538058
     16.541769
     16.545457
     16.549122
     16.552764
     16.556383
     16.559979
     16.563553
     16.567104
     16.570634
     16.574141
     16.577626
     16.581089
     16.584531
     16.587951
      16.59135
     16.594728
     16.598084
     16.601419
     16.604734
     16.608028
     16.611301
     16.614554
     16.617786
     16.620998
      16.62419
     16.627362
     16.630514
     16.633647
     16.636759
     16.639853
     16.642927
     16.645981
     16.649017
     16.652034
     16.655031
      16.65801
     16.660971
     16.663913
     16.666836
     16.669741
     16.672628
     16.675497
     16.678348
     16.681181
     16.683996
     16.686794
     16.689574
     16.692337
     16.695083
     16.697811
     16.700522
     16.703216
     16.705894
     16.708555
     16.711199
     16.713826
     16.716437
     16.719032
      16.72161
     16.724173
     16.726719
     16.729249
     16.731764
     16.734263
     16.736746
     16.739213
     16.741666
     16.744102
     16.746524
      16.74893
     16.751322
     16.753698
      16.75606
     16.758406
     16.760738
     16.763056
     16.765359
     16.767647
     16.769922
     16.772182
     16.774427
     16.776659
     16.778877
     16.781081
     16.783271
     16.785448
      16.78761
      16.78976
     16.791896
     16.794018
     16.796127
     16.798223
     16.800306
     16.802376
     16.804433
     16.806477
     16.808508
     16.810527
     16.812533
     16.814526
     16.816507
     16.818475
     16.820431
     16.822375
     16.824307
     16.826227
     16.828134
      16.83003
     16.831914
     16.833786
     16.835646
     16.837495
     16.839332
     16.841158
     16.842972
     16.844775
     16.846566
     16.848347
     16.850116
     16.851874
     16.853621
     16.855357
     16.857083
     16.858797
     16.860501
     16.862194
     16.863877
     16.865549
      16.86721
     16.868862
     16.870502
     16.872133
     16.873753
     16.875364
     16.876964
     16.878554
     16.880134
     16.881704
     16.883265
     16.884815
     16.886356
     16.887888
      16.88941
     16.890922
     16.892425
     16.893918
     16.895402
     16.896877
     16.898342
     16.899799
     16.901246
     16.902684
     16.904113
     16.905533
     16.906945
     16.908347
     16.909741
     16.911126
     16.912502
      16.91387
     16.915229
      16.91658
     16.917922
     16.919256
     16.920581
     16.921899
     16.923208
     16.924508
     16.925801
     16.927085
     16.928362
      16.92963
     16.930891
     16.932144
     16.933388
     16.934626
     16.935855
     16.937076
      16.93829
     16.939497
     16.940696
     16.941887
     16.943071
     16.944247
     16.945416
     16.946578
     16.947733
      16.94888
      16.95002
     16.951153
     16.952279
     16.953398
     16.954509
     16.955614
     16.956712
     16.957803
     16.958888
     16.959965
     16.961036
       16.9621
     16.963157
     16.964208
     16.965252
      16.96629
     16.967321
     16.968346
     16.969364
     16.970376
     16.971381
     16.972381
     16.973374
      16.97436
     16.975341
     16.976316
     16.977284
     16.978246
     16.979203
     16.980153
     16.981097
     16.982036
     16.982969
     16.983895
     16.984816
     16.985731
     16.986641
     16.987545
     16.988443
     16.989335
     16.990222
     16.991104
      16.99198
      16.99285
     16.993715
     16.994574
     16.995429
     16.996277
     16.997121
     16.997959
     16.998792
      16.99962
     17.000442
      17.00126
     17.002072
     17.002879
     17.003682
     17.004479
     17.005271
     17.006058
      17.00684
     17.007618
      17.00839
     17.009158
     17.009921
     17.010679
     17.011432
     17.012181
     17.012925
     17.013664
     17.014399
     17.015129
     17.015855
     17.016576
     17.017292
     17.018004
     17.018712
     17.019415
     17.020114
     17.020808
     17.021498
     17.022184
     17.022865
     17.023542
     17.024215
     17.024884
     17.025548
     17.026208
     17.026865
     17.027517
     17.028165
     17.028809
     17.029449
     17.030085
     17.030716
     17.031344
     17.031968
     17.032589
     17.033205
     17.033817
     17.034426
     17.035031
     17.035632
     17.036229
     17.036822
     17.037412
     17.037998
     17.038581
     17.039159
     17.039735
     17.040306
     17.040874
     17.041439
     17.041999
     17.042557
     17.043111
     17.043661
     17.044208
     17.044752
     17.045292
     17.045829
     17.046362
     17.046892
     17.047419
     17.047942
     17.048463
      17.04898
     17.049493
     17.050004
     17.050511
     17.051015
     17.051516
     17.052014
     17.052509
        17.053
     17.053489
     17.053974
     17.054457
     17.054936
     17.055413
     17.055886
     17.056357
     17.056824
     17.057289
      17.05775
     17.058209
     17.058665
     17.059118
     17.059569
     17.060016
     17.060461
     17.060902
     17.061342
     17.061778
     17.062212
     17.062642
     17.063071
     17.063496
     17.063919
     17.064339
     17.064757
     17.065172
     17.065584
     17.065994
     17.066401
     17.066806
     17.067208
     17.067608
     17.068005
       17.0684
     17.068792
     17.069181
     17.069569
     17.069954
     17.070336
     17.070716
     17.071094
     17.071469
     17.071842
     17.072213
     17.072581
     17.072947
     17.073311
     17.073672
     17.074031
     17.074388
     17.074743
     17.075096
     17.075446
     17.075794
      17.07614
     17.076484
     17.076825
     17.077165
     17.077502
     17.077837
      17.07817
     17.078501
      17.07883
     17.079157
     17.079482
     17.079805
     17.080126
     17.080445
     17.080761
     17.081076
     17.081389
       17.0817
     17.082009
     17.082316
     17.082621
     17.082924
     17.083226
     17.083525
     17.083822
     17.084118
     17.084412
     17.084704
     17.084994
     17.085282
     17.085569
     17.085854
     17.086137
     17.086418
     17.086697
     17.086975
     17.087251
     17.087525
     17.087798
     17.088068
     17.088338
     17.088605
     17.088871
     17.089135
     17.089397
     17.089658
     17.089917
     17.090175
     17.090431
     17.090685
     17.090938
     17.091189
     17.091438
     17.091686
     17.091933
     17.092178
     17.092421
     17.092663
     17.092903
     17.093142
      17.09338
     17.093615
      17.09385
     17.094083
     17.094314
     17.094544
     17.094773
        17.095
     17.095226
      17.09545
     17.095673
     17.095894
     17.096115
     17.096333
     17.096551
     17.096767
     17.096981
     17.097195
     17.097407
     17.097617
     17.097827
     17.098035
     17.098242
     17.098447
     17.098651
     17.098854
     17.099056
     17.099256
     17.099455
     17.099653
      17.09985
     17.100045
     17.100239
     17.100432
     17.100624
     17.100814
     17.101004
     17.101192
     17.101379
     17.101565
     17.101749
     17.101933
     17.102115
     17.102296
     17.102476
     17.102655
     17.102833
      17.10301
     17.103185
      17.10336
     17.103533
     17.103706
     17.103877
     17.104047
     17.104216
     17.104384
     17.104551
     17.104717
     17.104882
     17.105046
     17.105209
     17.105371
     17.105532
     17.105692
      17.10585
     17.106008
     17.106165
     17.106321
     17.106476
      17.10663
     17.106783
     17.106935
     17.107086
     17.107236
     17.107385
     17.107533
      17.10768
     17.107827
     17.107972
     17.108117
     17.108261
     17.108403
     17.108545
     17.108686
     17.108826
     17.108965
     17.109104
     17.109241
     17.109378
     17.109514
     17.109648
     17.109783
     17.109916
     17.110048
      17.11018
      17.11031
      17.11044
      17.11057
     17.110698
     17.110825
     17.110952
     17.111078
     17.111203
     17.111327
     17.111451
     17.111574
     17.111696
     17.111817
     17.111938
     17.112057
     17.112176
     17.112294
     17.112412
     17.112529
     17.112645
      17.11276
     17.112875
     17.112989
     17.113102
     17.113214
     17.113326
     17.113437
     17.113547
     17.113657
     17.113766
     17.113874
     17.113982
     17.114089
     17.114195
     17.114301
     17.114406
      17.11451
     17.114614
     17.114717
     17.114819
     17.114921
     17.115022
     17.115122
     17.115222
     17.115321
      17.11542
     17.115518
     17.115615
     17.115712
     17.115808
     17.115904
     17.115998
     17.116093
     17.116187
      17.11628
     17.116372
     17.116464
     17.116556
     17.116646
     17.116737
     17.116826
     17.116916
     17.117004
     17.117092
      17.11718
     17.117267
     17.117353
     17.117439
     17.117524
     17.117609
     17.117693
     17.117777
      17.11786
     17.117943
     17.118025
     17.118107
     17.118188
     17.118268
     17.118349
     17.118428
     17.118507
     17.118586
     17.118664
     17.118742
     17.118819
     17.118896
     17.118972
     17.119048
     17.119123
     17.119198
     17.119272
     17.119346
     17.119419
     17.119492
     17.119564
     17.119637
     17.119708
     17.119779
      17.11985
      17.11992
      17.11999
     17.120059
     17.120128
     17.120197
     17.120265
     17.120332
       17.1204
     17.120466
     17.120533
     17.120599
     17.120664
     17.120729
     17.120794
     17.120858
     17.120922
     17.120986
     17.121049
     17.121112
     17.121174
     17.121236
     17.121298
     17.121359
     17.121419
      17.12148
      17.12154
       17.1216
     17.121659
     17.121718
     17.121776
     17.121835
     17.121892
      17.12195
     17.122007
     17.122064
      17.12212
     17.122176
     17.122232
     17.122287
     17.122342
     17.122397
     17.122451
     17.122505
     17.122558
     17.122612
     17.122665
     17.122717
      17.12277
     17.122822
     17.122873
     17.122925
     17.122976
     17.123026
     17.123077
     17.123127
     17.123176
     17.123226
     17.123275
     17.123324
     17.123372
      17.12342
     17.123468
     17.123516
     17.123563
      17.12361
     17.123657
     17.123703
     17.123749
     17.123795
     17.123841
     17.123886
     17.123931
     17.123976
      17.12402
     17.124064
     17.124108
     17.124152
     17.124195
     17.124238
     17.124281
     17.124323
     17.124365
     17.124407
     17.124449
     17.124491
     17.124532
     17.124573
     17.124613
     17.124654
     17.124694
     17.124734
     17.124774
     17.124813
     17.124852
     17.124891
      17.12493
     17.124968
     17.125006
     17.125044
     17.125082
      17.12512
     17.125157
     17.125194
     17.125231
     17.125267
     17.125304
      17.12534
     17.125376
     17.125411
     17.125447
     17.125482
     17.125517
     17.125552
     17.125586
      17.12562
     17.125655
     17.125689
     17.125722
     17.125756
     17.125789
     17.125822
     17.125855
     17.125888
      17.12592
     17.125952
     17.125984
     17.126016
     17.126048
     17.126079
      17.12611
     17.126142
     17.126172
     17.126203
     17.126234
     17.126264
     17.126294
     17.126324
     17.126354
     17.126383
     17.126412
     17.126442
     17.126471
     17.126499
     17.126528
     17.126556
     17.126585
     17.126613
     17.126641
     17.126668
     17.126696
     17.126723
     17.126751
     17.126778
     17.126805
     17.126831
     17.126858
     17.126884
      17.12691
     17.126936
     17.126962
     17.126988
     17.127014
     17.127039
     17.127064
     17.127089
     17.127114
     17.127139
     17.127164
     17.127188
     17.127212
     17.127237
     17.127261
     17.127284
     17.127308
     17.127332
     17.127355
     17.127378
     17.127402
     17.127425
     17.127447
      17.12747
     17.127493
     17.127515
     17.127537
     17.127559
     17.127581
     17.127603
     17.127625
     17.127647
     17.127668
     17.127689
      17.12771
     17.127731
     17.127752
     17.127773
     17.127794
     17.127814
     17.127835
     17.127855
     17.127875
     17.127895
     17.127915
     17.127935
     17.127954
     17.127974
     17.127993
     17.128013
     17.128032
     17.128051
      17.12807
     17.128089
     17.128107
     17.128126
     17.128144
     17.128163
     17.128181
     17.128199
     17.128217
     17.128235
     17.128252
      17.12827
     17.128288
     17.128305
     17.128322
      17.12834
     17.128357
     17.128374
     17.128391
     17.128407
     17.128424
     17.128441
     17.128457
     17.128474
      17.12849
     17.128506
     17.128522
     17.128538
     17.128554
      17.12857
     17.128585
     17.128601
     17.128616
     17.128632
     17.128647
     17.128662
     17.128677
     17.128692
     17.128707
     17.128722
     17.128737
     17.128751
     17.128766
      17.12878
     17.128795
     17.128809
     17.128823
     17.128837
     17.128851
     17.128865
     17.128879
     17.128893
     17.128906
      17.12892
     17.128933
     17.128947
      17.12896
     17.128973
     17.128986
     17.128999
     17.129012
     17.129025
     17.129038
     17.129051
     17.129063
     17.129076
     17.129089
     17.129101
     17.129113
     17.129126
     17.129138
      17.12915
     17.129162
     17.129174
     17.129186
     17.129198
     17.129209
     17.129221
     17.129233
     17.129244
     17.129256
     17.129267
     17.129278
     17.129289
     17.129301
     17.129312
     17.129323
     17.129334
     17.129345
     17.129355
     17.129366
     17.129377
     17.129387
     17.129398
     17.129408
     17.129419
     17.129429
     17.129439
      17.12945
      17.12946
      17.12947
      17.12948
      17.12949
       17.1295
      17.12951
      17.12952
     17.129529
     17.129539
     17.129548
     17.129558
     17.129568
     17.129577
     17.129586
     17.129596
     17.129605
     17.129614
     17.129623
     17.129632
     17.129641
      17.12965
     17.129659
     17.129668
     17.129677
     17.129686
     17.129694
     17.129703
     17.129711
      17.12972
     17.129728
     17.129737
     17.129745
     17.129753
     17.129762
      17.12977
     17.129778
     17.129786
     17.129794
     17.129802
      17.12981
     17.129818
     17.129826
     17.129834
     17.129842
     17.129849
     17.129857
     17.129865
     17.129872
      17.12988
     17.129887
     17.129894
     17.129902
     17.129909
     17.129916
     17.129924
     17.129931
     17.129938
     17.129945
     17.129952
     17.129959
     17.129966
     17.129973
      17.12998
     17.129987
     17.129994
         17.13
     17.130007
     17.130014
      17.13002
     17.130027
     17.130034
      17.13004
     17.130047
     17.130053
     17.130059
     17.130066
     17.130072
     17.130078
     17.130085
     17.130091
     17.130097
     17.130103
     17.130109
     17.130115
     17.130121
     17.130127
     17.130133
     17.130139
     17.130145
      17.13015
     17.130156
     17.130162
     17.130168
     17.130173
     17.130179
     17.130185
      17.13019
     17.130196
     17.130201
     17.130207
     17.130212
     17.130217
     17.130223
     17.130228
     17.130233
     17.130239
     17.130244
     17.130249
     17.130254
     17.130259
     17.130264
      17.13027
     17.130275
      17.13028
     17.130285
     17.130289
     17.130294
     17.130299
     17.130304
     17.130309
     17.130314
     17.130318
     17.130323
     17.130328
     17.130332
     17.130337
     17.130342
     17.130346
     17.130351
     17.130355
      17.13036
     17.130364
     17.130369
     17.130373
     17.130378
     17.130382
     17.130386
     17.130391
     17.130395
     17.130399
     17.130403
     17.130407
     17.130412
     17.130416
      17.13042
     17.130424
     17.130428
     17.130432
     17.130436
      17.13044
     17.130444
     17.130448
     17.130452
     17.130456
      17.13046
     17.130463
     17.130467
     17.130471
     17.130475
     17.130479
     17.130482
     17.130486
      17.13049
     17.130493
     17.130497
     17.130501
     17.130504
     17.130508
     17.130511
     17.130515
     17.130518
     17.130522
     17.130525
     17.130529
     17.130532
     17.130535
     17.130539
     17.130542
     17.130545
     17.130549
     17.130552
     17.130555
     17.130559
     17.130562
     17.130565
     17.130568
     17.130571
     17.130574
     17.130578
     17.130581
     17.130584
     17.130587
      17.13059
     17.130593
     17.130596
     17.130599
     17.130602
     17.130605
     17.130608
     17.130611
     17.130614
     17.130616
     17.130619
     17.130622
     17.130625
     17.130628
     17.130631
     17.130633
     17.130636
     17.130639
     17.130642
     17.130644
     17.130647
      17.13065
     17.130652
     17.130655
     17.130657
      17.13066
     17.130663
     17.130665
     17.130668
      17.13067
     17.130673
     17.130675
     17.130678
      17.13068
     17.130683
     17.130685
     17.130688
      17.13069
     17.130692
     17.130695
     17.130697
       17.1307
     17.130702
     17.130704
     17.130707
     17.130709
     17.130711
     17.130713
     17.130716
     17.130718
      17.13072
     17.130722
     17.130725
     17.130727
     17.130729
     17.130731
     17.130733
     17.130735
     17.130737
      17.13074
     17.130742
     17.130744
     17.130746
     17.130748
      17.13075
     17.130752
     17.130754
     17.130756
     17.130758
      17.13076
     17.130762
     17.130764
     17.130766
     17.130768
      17.13077
     17.130771
     17.130773
     17.130775
     17.130777
     17.130779
     17.130781
     17.130783
     17.130784
     17.130786
     17.130788
      17.13079
     17.130792
     17.130793
     17.130795
     17.130797
     17.130799
       17.1308
     17.130802
     17.130804
     17.130805
     17.130807
     17.130809
      17.13081
     17.130812
     17.130814
     17.130815
     17.130817
     17.130818
      17.13082
     17.130822
     17.130823
     17.130825
     17.130826
     17.130828
     17.130829
     17.130831
     17.130832
     17.130834
     17.130835
     17.130837
     17.130838
      17.13084
     17.130841
     17.130843
     17.130844
     17.130846
     17.130847
     17.130849
      17.13085
     17.130851
     17.130853
     17.130854
     17.130855
     17.130857
     17.130858
      17.13086
     17.130861
     17.130862
     17.130864
     17.130865
     17.130866
     17.130867
     17.130869
      17.13087
     17.130871
     17.130873
     17.130874
     17.130875
     17.130876
     17.130878
     17.130879
      17.13088
     17.130881
     17.130882
     17.130884
     17.130885
     17.130886
     17.130887
     17.130888
     17.130889
     17.130891
     17.130892
     17.130893
     17.130894
     17.130895
     17.130896
     17.130897
     17.130898
       17.1309
     17.130901
     17.130902
     17.130903
     17.130904
     17.130905
     17.130906
     17.130907
     17.130908
     17.130909
      17.13091
     17.130911
     17.130912
     17.130913
     17.130914
     17.130915
     17.130916
     17.130917
     17.130918
     17.130919
      17.13092
     17.130921
     17.130922
     17.130923
     17.130924
     17.130925
     17.130926
     17.130927
     17.130928
     17.130928
     17.130929
      17.13093
     17.130931
     17.130932
     17.130933
     17.130934
     17.130935
     17.130936
     17.130936
     17.130937
     17.130938
     17.130939
      17.13094
     17.130941
     17.130941
     17.130942
     17.130943
     17.130944
     17.130945
     17.130946
     17.130946
     17.130947
     17.130948
     17.130949
      17.13095
      17.13095
     17.130951
     17.130952
     17.130953
     17.130953
     17.130954
     17.130955
     17.130956
     17.130956
     17.130957
     17.130958
     17.130958
     17.130959
      17.13096
     17.130961
     17.130961
     17.130962
     17.130963
     17.130963
     17.130964
     17.130965
     17.130965
     17.130966
     17.130967
     17.130967
     17.130968
     17.130969
     17.130969
      17.13097
     17.130971
     17.130971
     17.130972
     17.130973
     17.130973
     17.130974
     17.130975
     17.130975
     17.130976
     17.130976
     17.130977
     17.130978
     17.130978
     17.130979
     17.130979
      17.13098
     17.130981
     17.130981
     17.130982
     17.130982
     17.130983
     17.130983
     17.130984
     17.130985
     17.130985
     17.130986
     17.130986
     17.130987
     17.130987
     17.130988
     17.130988
     17.130989
     17.130989
      17.13099
      17.13099
     17.130991
     17.130992
     17.130992
     17.130993
     17.130993
     17.130994
     17.130994
     17.130995
     17.130995
     17.130996
     17.130996
     17.130996
     17.130997
     17.130997
     17.130998
     17.130998
     17.130999
     17.130999
        17.131
        17.131
     17.131001
     17.131001
     17.131002
     17.131002
     17.131003
     17.131003
     17.131003
     17.131004
     17.131004
     17.131005
     17.131005
     17.131006
     17.131006
     17.131006
     17.131007
     17.131007
     17.131008
     17.131008
     17.131008
     17.131009
     17.131009
      17.13101
      17.13101
      17.13101
     17.131011
     17.131011
     17.131012
     17.131012
     17.131012
     17.131013
     17.131013
     17.131014
     17.131014
     17.131014
     17.131015
     17.131015
     17.131015
     17.131016
     17.131016
     17.131016
     17.131017
     17.131017
     17.131018
     17.131018
     17.131018
     17.131019
     17.131019
     17.131019
      17.13102
      17.13102
      17.13102
     17.131021
     17.131021
     17.131021
     17.131022
     17.131022
     17.131022
     17.131023
     17.131023
     17.131023
     17.131023
     17.131024
     17.131024
     17.131024
     17.131025
     17.131025
     17.131025
     17.131026
     17.131026
     17.131026
     17.131027
     17.131027
     17.131027
     17.131027
     17.131028
     17.131028
     17.131028
     17.131029
     17.131029
     17.131029
     17.131029
      17.13103
      17.13103
      17.13103
      17.13103
     17.131031
     17.131031
     17.131031
     17.131032
     17.131032
     17.131032
     17.131032
     17.131033
     17.131033
     17.131033
     17.131033
     17.131034
     17.131034
     17.131034
     17.131034
     17.131035
     17.131035
     17.131035
     17.131035
     17.131036
     17.131036
     17.131036
     17.131036
     17.131036
     17.131037
     17.131037
     17.131037
     17.131037
     17.131038
     17.131038
     17.131038
     17.131038
     17.131038
     17.131039
     17.131039
     17.131039
     17.131039
      17.13104
      17.13104
      17.13104
      17.13104
      17.13104
     17.131041
     17.131041
     17.131041
     17.131041
     17.131041
     17.131042
     17.131042
     17.131042
     17.131042
     17.131042
     17.131043
     17.131043
     17.131043
     17.131043
     17.131043
     17.131044
     17.131044
     17.131044
     17.131044
     17.131044
     17.131044
     17.131045
     17.131045
     17.131045
     17.131045
     17.131045
     17.131046
     17.131046
     17.131046
     17.131046
     17.131046
     17.131046
     17.131047
     17.131047
     17.131047
     17.131047
     17.131047
     17.131047
     17.131048
     17.131048
     17.131048
     17.131048
     17.131048
     17.131048
     17.131048
     17.131049
     17.131049
     17.131049
     17.131049
     17.131049
     17.131049
      17.13105
      17.13105
      17.13105
      17.13105
      17.13105
      17.13105
      17.13105
     17.131051
     17.131051
     17.131051
     17.131051
     17.131051
     17.131051
     17.131051
     17.131052
     17.131052
     17.131052
     17.131052
     17.131052
     17.131052
     17.131052
     17.131052
     17.131053
     17.131053
     17.131053
     17.131053
     17.131053
     17.131053
     17.131053
     17.131054
     17.131054
     17.131054
     17.131054
     17.131054
     17.131054
     17.131054
     17.131054
     17.131054
     17.131055
     17.131055
     17.131055
     17.131055
     17.131055
     17.131055
     17.131055
     17.131055
     17.131056
     17.131056
     17.131056
     17.131056
     17.131056
     17.131056
     17.131056
     17.131056
     17.131056
     17.131056
     17.131057
     17.131057
     17.131057
     17.131057
     17.131057
     17.131057
     17.131057
     17.131057
     17.131057
     17.131058
     17.131058
     17.131058
     17.131058
     17.131058
     17.131058
     17.131058
     17.131058
     17.131058
     17.131058
     17.131058
     17.131059
     17.131059
     17.131059
     17.131059
     17.131059
     17.131059
     17.131059
     17.131059
     17.131059
     17.131059
     17.131059
      17.13106
      17.13106
      17.13106
      17.13106
      17.13106
      17.13106
      17.13106
      17.13106
      17.13106
      17.13106
      17.13106
      17.13106
     17.131061
     17.131061
     17.131061
     17.131061
     17.131061
     17.131061
     17.131061
     17.131061
     17.131061
     17.131061
     17.131061
     17.131061
     17.131061
     17.131062
     17.131062
     17.131062
     17.131062
     17.131062
     17.131062
     17.131062
     17.131062
     17.131062
     17.131062
     17.131062
     17.131062
     17.131062
     17.131062
     17.131063
     17.131063
     17.131063
     17.131063
     17.131063
     17.131063
     17.131063
     17.131063
     17.131063
     17.131063
     17.131063
     17.131063
     17.131063
     17.131063
     17.131063
     17.131064
     17.131064
     17.131064
     17.131064
     17.131064
     17.131064
     17.131064
     17.131064
     17.131064
     17.131064
     17.131064
     17.131064
     17.131064
     17.131064
     17.131064
     17.131064
     17.131064
     17.131065
     17.131065
     17.131065
     17.131065
     17.131065
     17.131065
     17.131065
     17.131065
     17.131065
     17.131065
     17.131065
     17.131065
     17.131065
     17.131065
     17.131065
     17.131065
     17.131065
     17.131065
     17.131065
     17.131065
     17.131066
     17.131066
     17.131066
     17.131066
     17.131066
     17.131066
     17.131066
     17.131066
     17.131066
     17.131066
     17.131066
     17.131066
     17.131066
     17.131066
     17.131066
     17.131066
     17.131066
     17.131066
     17.131066
     17.131066
     17.131066
     17.131067
     17.131067
     17.131067
     17.131067
     17.131067
     17.131067
     17.131067
     17.131067
     17.131067
     17.131067
     17.131067
     17.131067
     17.131067
     17.131067
     17.131067
     17.131067
     17.131067
     17.131067
     17.131067
     17.131067
     17.131067
     17.131067
     17.131067
     17.131067
     17.131067
     17.131067
     17.131068
     17.131068
     17.131068
     17.131068
     17.131068
     17.131068
     17.131068
     17.131068
     17.131068
     17.131068
     17.131068
     17.131068
     17.131068
     17.131068
     17.131068
     17.131068
     17.131068
     17.131068
     17.131068
     17.131068
     17.131068
     17.131068
     17.131068
     17.131068
     17.131068
     17.131068
     17.131068
     17.131068
     17.131068
     17.131068
     17.131069
     17.131069
     17.131069
     17.131069
     17.131069
     17.131069
     17.131069
     17.131069
     17.131069
     17.131069
     17.131069
     17.131069
     17.131069
     17.131069
     17.131069
     17.131069
     17.131069
     17.131069
     17.131069
     17.131069
     17.131069
     17.131069
     17.131069
     17.131069
     17.131069
     17.131069
     17.131069
     17.131069
     17.131069
     17.131069
     17.131069
     17.131069
     17.131069
     17.131069
     17.131069
     17.131069
     17.131069
      17.13107
      17.13107
      17.13107
      17.13107
      17.13107
      17.13107
      17.13107
      17.13107
      17.13107
      17.13107
      17.13107
      17.13107
      17.13107
      17.13107
      17.13107
      17.13107
      17.13107
      17.13107
      17.13107
      17.13107
      17.13107
      17.13107
      17.13107
      17.13107
      17.13107
      17.13107
      17.13107
      17.13107
      17.13107
      17.13107
      17.13107
      17.13107
      17.13107
      17.13107
      17.13107
      17.13107
      17.13107
      17.13107
      17.13107
      17.13107
      17.13107
      17.13107
      17.13107
      17.13107
      17.13107
      17.13107
      17.13107
      17.13107
     17.131071
     17.131071
     17.131071
     17.131071
     17.131071
     17.131071
     17.131071
     17.131071
     17.131071
     17.131071
     17.131071
     17.131071
     17.131071
     17.131071
     17.131071
     17.131071
     17.131071
     17.131071
     17.131071
     17.131071
     17.131071
     17.131071
     17.131071
     17.131071
     17.131071
     17.131071
     17.131071
     17.131071
     17.131071
     17.131071
     17.131071
     17.131071
     17.131071
     17.131071
     17.131071
     17.131071
     17.131071
     17.131071
     17.131071
     17.131071
     17.131071
     17.131071
     17.131071
     17.131071
     17.131071
     17.131071
     17.131071
     17.131071
     17.131071
     17.131071
     17.131071
     17.131071
     17.131071
     17.131071
     17.131071
     17.131071
     17.131071
     17.131071
     17.131071
     17.131071
     17.131071
     17.131071
     17.131071
     17.131071
     17.131071
     17.131071
     17.131071
     17.131071
     17.131071
     17.131071
     17.131072
     17.131072
     17.131072
     17.131072
     17.131072
     17.131072
     17.131072
     17.131072
     17.131072
     17.131072
     17.131072
     17.131072
     17.131072
     17.131072
     17.131072
     17.131072
     17.131072
     17.131072
     17.131072
     17.131072
     17.131072
     17.131072
     17.131072
     17.131072
     17.131072
     17.131072
     17.131072
     17.131072
     17.131072
     17.131072
     17.131072
     17.131072
     17.131072
     17.131072
     17.131072
     17.131072
     17.131072
     17.131072
     17.131072
     17.131072
     17.131072
     17.131072
     17.131072
     17.131072
     17.131072
     17.131072
     17.131072
     17.131072
     17.131072
     17.131072
     17.131072
     17.131072
     17.131072
     17.131072
     17.131072
     17.131072
     17.131072
     17.131072
     17.131072
     17.131072
     17.131072
     17.131072
     17.131072
     17.131072
     17.131072
     17.131072
     17.131072
     17.131072
     17.131072
     17.131072
     17.131072
     17.131072
     17.131072
     17.131072
     17.131072
     17.131072
     17.131072
     17.131072
     17.131072
     17.131072
     17.131072
     17.131072
     17.131072
     17.131072
     17.131072
     17.131072
     17.131072
     17.131072
     17.131072
     17.131072
     17.131072
     17.131072
     17.131072
     17.131072
     17.131072
     17.131072
     17.131072
     17.131072
     17.131072
     17.131072
     17.131072
     17.131072
     17.131072
     17.131072
     17.131072
     17.131072
     17.131072
     17.131072
     17.131072
     17.131072
     17.131072
     17.131072
     17.131072
     17.131072
     17.131072
     17.131072
     17.131072
     17.131072
     17.131072
     17.131072
     17.131072
     17.131072
     17.131072
     17.131072
     17.131072
     17.131072
     17.131072
     17.131073
     17.131073
     17.131073
     17.131073
     17.131073
     17.131073
     17.131073
     17.131073
     17.131073
     17.131073
     17.131073
     17.131073
     17.131073
     17.131073
     17.131073
     17.131073
     17.131073
     17.131073
     17.131073
     17.131073
     17.131073
     17.131073
     17.131073
     17.131073
     17.131073
     17.131073
     17.131073
     17.131073
     17.131073
     17.131073
     17.131073
     17.131073
     17.131073
     17.131073
     17.131073
     17.131073
     17.131073
     17.131073
     17.131073
     17.131073
     17.131073
     17.131073
     17.131073
     17.131073
     17.131073
     17.131073
     17.131073
     17.131073
     17.131073
     17.131073
     17.131073
     17.131073
     17.131073
     17.131073
     17.131073
     17.131073
     17.131073
     17.131073
     17.131073
     17.131073
     17.131073
     17.131073
     17.131073
     17.131073
     17.131073
     17.131073
     17.131073
     17.131073
     17.131073
     17.131073
     17.131073
     17.131073
     17.131073
     17.131073
     17.131073
     17.131073
     17.131073
     17.131073
     17.131073
     17.131073
     17.131073
     17.131073
     17.131073
     17.131073
     17.131073
     17.131073
     17.131073
     17.131073
     17.131073
     17.131073
     17.131073
     17.131073
     17.131073
     17.131073
     17.131073
     17.131073
     17.131073
     17.131073
     17.131073
     17.131073
     17.131073
     17.131073
     17.131073
     17.131073
     17.131073
     17.131073
     17.131073
     17.131073
     17.131073
     17.131073
     17.131073
     17.131073
     17.131073
     17.131073
     17.131073
     17.131073
     17.131073
     17.131073
     17.131073
     17.131073
     17.131073
     17.131073
     17.131073
     17.131073
     17.131073
     17.131073
     17.131073
     17.131073
     17.131073
     17.131073
     17.131073
     17.131073
     17.131073
     17.131073
     17.131073
     17.131073
     17.131073
     17.131073
     17.131073
     17.131073
     17.131073
     17.131073
     17.131073
     17.131073
     17.131073
     17.131073
     17.131073
     17.131073
     17.131073
     17.131073
     17.131073
     17.131073
     17.131073
     17.131073
     17.131073
     17.131073
     17.131073
     17.131073
     17.131073
     17.131073
     17.131073
     17.131073
     17.131073
     17.131073
     17.131073
     17.131073
     17.131073
     17.131073
     17.131073
     17.131073
     17.131073
     17.131073
     17.131073
     17.131073
     17.131073
     17.131073
     17.131073
     17.131073
     17.131073
     17.131073
     17.131073
     17.131073
     17.131073
     17.131073
     17.131073
     17.131073
     17.131073
     17.131073
     17.131073
     17.131073
     17.131073
     17.131073
     17.131073
     17.131073
     17.131073
     17.131073
     17.131073
     17.131073
     17.131073
     17.131073
     17.131073
     17.131073
     17.131073
     17.131073
     17.131073
     17.131073
     17.131073
     17.131073
     17.131073
     17.131073
     17.131073
     17.131073
     17.131073
     17.131073
     17.131073
     17.131073
     17.131073
     17.131073
     17.131073
     17.131073
     17.131073
     17.131073
     17.131073
     17.131073
     17.131073
     17.131073
     17.131073
     17.131073
     17.131073
     17.131073
     17.131073
     17.131073
     17.131073
     17.131073
     17.131073
     17.131073
     17.131073
     17.131073
     17.131073
     17.131073
     17.131073
     17.131073
     17.131073
     17.131073
     17.131073
     17.131073
     17.131073
     17.131073
     17.131073
     17.131073
     17.131073
     17.131073
     17.131073
     17.131073
     17.131073
     17.131073
     17.131073
     17.131073
     17.131073
     17.131073
     17.131073
     17.131073
