         VBase        Charge
             0             0
     0.3620523    0.82760354
     1.1731237     1.6881986
     1.9954348     2.5167442
     2.7740071     3.2765657
     3.5335016      4.046634
     4.2559551     4.7538591
     4.9571907     5.4685844
     5.6269297      6.128635
     6.2749626     6.7902553
     6.8955143      7.406153
     7.4947542     8.0180066
     8.0695614     8.5920022
      8.623923     9.1576649
     9.1562743     9.6917942
     9.6692781     10.214718
     10.162274     10.711003
     10.637114     11.194395
     11.093657     11.654891
     11.533249     12.101693
      11.95604     12.528478
     12.363057     12.941384
     12.754604     13.336528
     13.131502     13.718016
      13.49413      14.08355
      13.84317     14.435906
     14.179032     14.773798
       14.5023     15.099141
     14.813387     15.411284
     15.112805      15.71158
      15.40096     15.999776
     15.678307     16.276859
     15.945232     16.542813
     16.202149     16.798389
     16.449421     17.043711
     16.687424     17.279373
       16.9165     17.505575
     17.136993     17.722804
     17.349221     17.931302
     17.553501     18.131482
     17.750128       18.3236
     17.939393     18.508015
     18.121573     18.684988
     18.296935     18.854837
     18.465734     19.017815
     18.628219     19.174209
     18.784625     19.324262
     18.935183     19.468234
     19.080112     19.606355
     19.219623     19.738864
     19.353919     19.865977
     19.483197     19.987912
     19.607644     20.104872
     19.727442     20.217056
     19.842765     20.324654
     19.953781      20.42785
     20.060652      20.52682
     20.163532     20.621734
     20.262571     20.712755
     20.357914     20.800039
     20.449698     20.883737
     20.538056     20.963994
     20.623118      21.04095
     20.705005     21.114737
     20.783838     21.185484
      20.85973     21.253316
     20.932791      21.31835
     21.003127       21.3807
     21.070839     21.440476
     21.136027     21.497782
     21.198784     21.552721
     21.259202     21.605387
     21.317366     21.655875
     21.373363     21.704274
     21.427272     21.750669
     21.479172     21.795143
     21.529137     21.837774
      21.57724     21.878639
      21.62355     21.917809
     21.668135     21.955354
     21.711058     21.991343
     21.752382     22.025838
     21.792167     22.058901
     21.830469     22.090592
     21.867344     22.120966
     21.902845     22.150079
     21.937024     22.177983
      21.96993     22.204727
      22.00161     22.230359
     22.032109     22.254926
     22.061473     22.278472
     22.089744     22.301039
     22.116961     22.322667
     22.143165     22.343396
     22.168393     22.363262
     22.192681     22.382302
     22.216065     22.400549
     22.238579     22.418038
     22.260254     22.434798
     22.281122     22.450861
     22.301212     22.466256
     22.320555     22.481009
     22.339178     22.495149
     22.357107     22.508699
     22.374369     22.521686
     22.390988     22.534132
     22.406988      22.54606
     22.422393     22.557491
     22.437224     22.568446
     22.451504     22.578945
     22.465251     22.589007
     22.478487     22.598649
      22.49123     22.607891
     22.503499     22.616747
     22.515311     22.625235
     22.526683     22.633369
     22.537632     22.641164
     22.548174     22.648635
     22.558323     22.655795
     22.568094     22.662657
     22.577502     22.669233
     22.586559     22.675535
      22.59528     22.681575
     22.603676     22.687363
     22.611759      22.69291
     22.619542     22.698227
     22.627034     22.703322
     22.634248     22.708205
     22.641194     22.712885
     22.647881      22.71737
     22.654319     22.721668
     22.660517     22.725788
     22.666485     22.729736
     22.672231     22.733519
     22.677763     22.737146
     22.683089     22.740621
     22.688217     22.743952
     22.693154     22.747144
     22.697907     22.750204
     22.702483     22.753136
     22.706889     22.755946
     22.711131      22.75864
     22.715216     22.761221
     22.719148     22.763695
     22.722934     22.766067
     22.726579     22.768339
     22.730088     22.770518
     22.733467     22.772605
      22.73672     22.774606
     22.739852     22.776524
     22.742867     22.778362
      22.74577     22.780124
     22.748566     22.781812
     22.751257      22.78343
     22.753848     22.784982
     22.756342     22.786468
     22.758744     22.787893
     22.761057     22.789259
     22.763283     22.790568
     22.765426     22.791823
      22.76749     22.793026
     22.769477     22.794179
      22.77139     22.795283
     22.773232     22.796343
     22.775005     22.797358
     22.776713     22.798331
     22.778356     22.799263
     22.779939     22.800157
     22.781463     22.801014
      22.78293     22.801836
     22.784342     22.802623
     22.785702     22.803378
     22.787011     22.804101
     22.788272     22.804794
     22.789485     22.805459
     22.790654     22.806096
     22.791779     22.806707
     22.792862     22.807292
     22.793905     22.807854
     22.794909     22.808392
     22.795876     22.808907
     22.796806     22.809402
     22.797702     22.809875
     22.798565      22.81033
     22.799396     22.810765
     22.800195     22.811183
     22.800965     22.811583
     22.801707     22.811966
      22.80242     22.812334
     22.803108     22.812687
     22.803769     22.813024
     22.804406     22.813348
     22.805019     22.813659
      22.80561     22.813957
     22.806178     22.814242
     22.806726     22.814516
     22.807253     22.814778
      22.80776      22.81503
     22.808248     22.815271
     22.808719     22.815502
     22.809172     22.815724
     22.809608     22.815936
     22.810027      22.81614
     22.810431     22.816335
      22.81082     22.816522
     22.811195     22.816702
     22.811556     22.816874
     22.811903     22.817039
     22.812237     22.817197
     22.812559     22.817348
     22.812869     22.817494
     22.813167     22.817633
     22.813455     22.817767
     22.813731     22.817895
     22.813998     22.818018
     22.814254     22.818136
     22.814501     22.818249
     22.814739     22.818357
     22.814967     22.818461
     22.815188      22.81856
       22.8154     22.818656
     22.815604     22.818747
     22.815801     22.818835
      22.81599     22.818919
     22.816172        22.819
     22.816348     22.819077
     22.816517     22.819152
     22.816679     22.819223
     22.816836     22.819291
     22.816987     22.819356
     22.817132     22.819419
     22.817271     22.819479
     22.817406     22.819537
     22.817536     22.819592
      22.81766     22.819645
      22.81778     22.819696
     22.817896     22.819745
     22.818007     22.819791
     22.818115     22.819836
     22.818218     22.819879
     22.818317     22.819921
     22.818413      22.81996
     22.818505     22.819998
     22.818594     22.820034
     22.818679     22.820069
     22.818761     22.820103
      22.81884     22.820135
     22.818916     22.820165
      22.81899     22.820195
      22.81906     22.820223
     22.819128      22.82025
     22.819194     22.820276
     22.819257     22.820301
     22.819318     22.820325
     22.819376     22.820348
     22.819432      22.82037
     22.819486     22.820391
     22.819539     22.820412
     22.819589     22.820431
     22.819637      22.82045
     22.819684     22.820467
     22.819729     22.820485
     22.819772     22.820501
     22.819813     22.820517
     22.819853     22.820532
     22.819892     22.820546
     22.819929      22.82056
     22.819964     22.820574
     22.819999     22.820586
     22.820032     22.820599
     22.820064      22.82061
     22.820094     22.820622
     22.820124     22.820632
     22.820152     22.820643
      22.82018     22.820653
     22.820206     22.820662
     22.820231     22.820672
     22.820256      22.82068
     22.820279     22.820689
     22.820302     22.820697
     22.820324     22.820705
     22.820345     22.820712
     22.820365     22.820719
     22.820384     22.820726
     22.820403     22.820733
     22.820421     22.820739
     22.820439     22.820745
     22.820455     22.820751
     22.820471     22.820756
     22.820487     22.820762
     22.820502     22.820767
     22.820516     22.820772
      22.82053     22.820776
     22.820543     22.820781
     22.820556     22.820785
     22.820569     22.820789
      22.82058     22.820793
     22.820592     22.820797
     22.820603     22.820801
     22.820613     22.820804
     22.820624     22.820808
     22.820634     22.820811
     22.820643     22.820814
     22.820652     22.820817
     22.820661      22.82082
     22.820669     22.820823
     22.820677     22.820825
     22.820685     22.820828
     22.820693      22.82083
       22.8207     22.820833
     22.820707     22.820835
     22.820714     22.820837
      22.82072     22.820839
     22.820727     22.820841
     22.820733     22.820843
     22.820738     22.820845
     22.820744     22.820846
     22.820749     22.820848
     22.820754      22.82085
     22.820759     22.820851
     22.820764     22.820853
     22.820769     22.820854
     22.820773     22.820856
     22.820777     22.820857
     22.820782     22.820858
     22.820786     22.820859
     22.820789      22.82086
     22.820793     22.820862
     22.820797     22.820863
       22.8208     22.820864
     22.820803     22.820865
     22.820806     22.820866
     22.820809     22.820866
     22.820812     22.820867
     22.820815     22.820868
     22.820818     22.820869
      22.82082      22.82087
     22.820823      22.82087
     22.820825     22.820871
     22.820828     22.820872
      22.82083     22.820872
     22.820832     22.820873
     22.820834     22.820874
     22.820836     22.820874
     22.820838     22.820875
      22.82084     22.820875
     22.820842     22.820876
     22.820843     22.820876
     22.820845     22.820877
     22.820847     22.820877
     22.820848     22.820878
      22.82085     22.820878
     22.820851     22.820878
     22.820853     22.820879
     22.820854     22.820879
     22.820855      22.82088
     22.820856      22.82088
     22.820858      22.82088
     22.820859     22.820881
      22.82086     22.820881
     22.820861     22.820881
     22.820862     22.820881
     22.820863     22.820882
     22.820864     22.820882
     22.820865     22.820882
     22.820865     22.820882
     22.820866     22.820883
     22.820867     22.820883
     22.820868     22.820883
     22.820869     22.820883
     22.820869     22.820883
      22.82087     22.820884
     22.820871     22.820884
     22.820871     22.820884
     22.820872     22.820884
     22.820873     22.820884
     22.820873     22.820884
     22.820874     22.820885
     22.820874     22.820885
     22.820875     22.820885
     22.820875     22.820885
     22.820876     22.820885
     22.820876     22.820885
     22.820877     22.820885
     22.820877     22.820885
     22.820877     22.820885
     22.820878     22.820886
     22.820878     22.820886
     22.820879     22.820886
     22.820879     22.820886
     22.820879     22.820886
      22.82088     22.820886
      22.82088     22.820886
      22.82088     22.820886
      22.82088     22.820886
     22.820881     22.820886
     22.820881     22.820886
     22.820881     22.820886
     22.820882     22.820886
     22.820882     22.820887
     22.820882     22.820887
     22.820882     22.820887
     22.820882     22.820887
     22.820883     22.820887
     22.820883     22.820887
     22.820883     22.820887
     22.820883     22.820887
     22.820883     22.820887
     22.820884     22.820887
     22.820884     22.820887
     22.820884     22.820887
     22.820884     22.820887
     22.820884     22.820887
     22.820884     22.820887
     22.820884     22.820887
     22.820885     22.820887
     22.820885     22.820887
     22.820885     22.820887
     22.820885     22.820887
     22.820885     22.820887
     22.820885     22.820887
     22.820885     22.820887
     22.820885     22.820887
     22.820885     22.820887
     22.820886     22.820887
     22.820886     22.820887
     22.820886     22.820887
     22.820886     22.820887
     22.820886     22.820888
     22.820886     22.820888
     22.820886     22.820888
     22.820886     22.820888
     22.820886     22.820888
     22.820886     22.820888
     22.820886     22.820888
     22.820886     22.820888
     22.820886     22.820888
     22.820886     22.820888
     22.820887     22.820888
     22.820887     22.820888
     22.820887     22.820888
     22.820887     22.820888
     22.820887     22.820888
     22.820887     22.820888
     22.820887     22.820888
     22.820887     22.820888
     22.820887     22.820888
     22.820887     22.820888
     22.820887     22.820888
     22.820887     22.820888
     22.820887     22.820888
     22.820887     22.820888
     22.820887     22.820888
     22.820887     22.820888
     22.820887     22.820888
     22.820887     22.820888
     22.820887     22.820888
     22.820887     22.820888
     22.820887     22.820888
     22.820887     22.820888
     22.820887     22.820888
     22.820887     22.820888
     22.820887     22.820888
     22.820887     22.820888
     22.820887     22.820888
     22.820887     22.820888
     22.820887     22.820888
     22.820887     22.820888
     22.820887     22.820888
     22.820888     22.820888
     22.820888     22.820888
     22.820888     22.820888
     22.820888     22.820888
     22.820888     22.820888
     22.820888     22.820888
     22.820888     22.820888
     22.820888     22.820888
     22.820888     22.820888
     22.820888     22.820888
     22.820888     22.820888
     22.820888     22.820888
     22.820888     22.820888
     22.820888     22.820888
     22.820888     22.820888
     22.820888     22.820888
