        Pcore(1)        Pcore(2)
           108            12
     151.15129     55.151294
     151.23561     55.184055
      151.3994     55.251354
     151.55344      55.32171
      151.6987     55.394338
     151.83598     55.468556
     151.96599     55.543789
     152.08935     55.619552
     152.20663     55.695435
      152.3183     55.771094
     152.42481     55.846244
     152.52655     55.920645
     152.62385     55.994102
     152.71703     56.066452
     152.80636     56.137565
     152.89207     56.207337
     152.97441     56.275686
     153.05356     56.342548
      153.1297     56.407878
     153.20299     56.471641
     153.27359     56.533819
     153.34163     56.594398
     153.40722     56.653378
      153.4705     56.710761
     153.53155     56.766559
     153.59048     56.820788
     153.64738     56.873466
     153.70234     56.924617
     153.75542     56.974266
      153.8067      57.02244
     153.85626     57.069171
     153.90416     57.114488
     153.95045     57.158423
     153.99521     57.201009
     154.03847     57.242278
      154.0803     57.282266
     154.12075     57.321003
     154.15987     57.358525
     154.19769     57.394864
     154.23427     57.430053
     154.26964     57.464125
     154.30385      57.49711
     154.33693     57.529042
     154.36893     57.559951
     154.39988     57.589867
     154.42981     57.618819
     154.45876     57.646838
     154.48675      57.67395
     154.51383     57.700185
     154.54002     57.725569
     154.56535     57.750128
     154.58984     57.773888
     154.61353     57.796874
     154.63644      57.81911
      154.6586      57.84062
     154.68003     57.861426
     154.70075     57.881552
     154.72079     57.901018
     154.74017     57.919847
     154.75892     57.938057
     154.77704     57.955669
     154.79457     57.972702
     154.81152     57.989175
      154.8279     58.005105
     154.84375     58.020511
     154.85908     58.035409
      154.8739     58.049816
     154.88822     58.063747
     154.90208     58.077219
     154.91548     58.090245
     154.92843     58.102841
     154.94095     58.115021
     154.95306     58.126797
     154.96477     58.138184
     154.97609     58.149194
     154.98704     58.159839
     154.99762     58.170132
     155.00785     58.180083
     155.01775     58.189705
     155.02731     58.199007
     155.03656     58.208001
      155.0455     58.216696
     155.05414     58.225103
     155.06249      58.23323
     155.07057     58.241088
     155.07838     58.248684
     155.08593     58.256028
     155.09323     58.263128
     155.10029     58.269992
     155.10711     58.276627
      155.1137     58.283042
     155.12008     58.289244
     155.12624     58.295239
      155.1322     58.301034
     155.13796     58.306637
     155.14352     58.312053
     155.14891     58.317288
     155.15411      58.32235
     155.15914     58.327242
       155.164     58.331972
      155.1687     58.336544
     155.17324     58.340964
     155.17763     58.345236
     155.18188     58.349366
     155.18598     58.353358
     155.18995     58.357217
     155.19378     58.360947
     155.19749     58.364553
     155.20107     58.368039
     155.20454     58.371408
     155.20789     58.374665
     155.21112     58.377814
     155.21425     58.380857
     155.21727     58.383798
      155.2202     58.386642
     155.22302      58.38939
     155.22575     58.392047
     155.22839     58.394615
     155.23094     58.397098
     155.23341     58.399497
     155.23579     58.401816
      155.2381     58.404058
     155.24033     58.406225
     155.24248      58.40832
     155.24456     58.410344
     155.24657     58.412301
     155.24852     58.414193
      155.2504     58.416021
     155.25221     58.417789
     155.25397     58.419497
     155.25567     58.421148
     155.25731     58.422744
     155.25889     58.424287
     155.26042     58.425778
     155.26191     58.427219
     155.26334     58.428612
     155.26472     58.429959
     155.26606      58.43126
     155.26735     58.432518
      155.2686     58.433734
     155.26981     58.434909
     155.27098     58.436045
     155.27211     58.437143
      155.2732     58.438205
     155.27425      58.43923
     155.27527     58.440222
     155.27626      58.44118
     155.27721     58.442107
     155.27813     58.443002
     155.27902     58.443867
     155.27988     58.444704
     155.28071     58.445512
     155.28151     58.446294
     155.28229     58.447049
     155.28304     58.447779
     155.28376     58.448485
     155.28447     58.449167
     155.28514     58.449826
      155.2858     58.450463
     155.28643     58.451079
     155.28704     58.451674
     155.28763      58.45225
     155.28821     58.452806
     155.28876     58.453343
     155.28929     58.453863
     155.28981     58.454365
     155.29031      58.45485
     155.29079     58.455319
     155.29126     58.455773
     155.29171     58.456211
     155.29214     58.456634
     155.29256     58.457044
     155.29297      58.45744
     155.29336     58.457822
     155.29374     58.458192
     155.29411     58.458549
     155.29446     58.458894
     155.29481     58.459228
     155.29514     58.459551
     155.29546     58.459863
     155.29577     58.460164
     155.29607     58.460455
     155.29636     58.460737
     155.29664     58.461009
     155.29691     58.461272
     155.29717     58.461526
     155.29742     58.461772
     155.29767      58.46201
      155.2979     58.462239
     155.29813     58.462461
     155.29835     58.462675
     155.29856     58.462883
     155.29877     58.463083
     155.29897     58.463277
     155.29916     58.463464
     155.29935     58.463645
     155.29953      58.46382
      155.2997     58.463989
     155.29987     58.464152
     155.30003      58.46431
     155.30019     58.464462
     155.30034      58.46461
     155.30049     58.464752
     155.30063      58.46489
     155.30076     58.465023
      155.3009     58.465152
     155.30102     58.465277
     155.30115     58.465397
     155.30127     58.465513
     155.30138     58.465625
     155.30149     58.465734
      155.3016     58.465839
     155.30171      58.46594
     155.30181     58.466038
      155.3019     58.466133
       155.302     58.466225
     155.30209     58.466313
     155.30218     58.466399
     155.30226     58.466481
     155.30234     58.466561
     155.30242     58.466639
      155.3025     58.466713
     155.30258     58.466785
     155.30265     58.466855
     155.30272     58.466922
     155.30278     58.466988
     155.30285     58.467051
     155.30291     58.467112
     155.30297      58.46717
     155.30303     58.467227
     155.30309     58.467282
     155.30314     58.467335
     155.30319     58.467387
     155.30324     58.467436
     155.30329     58.467484
     155.30334     58.467531
     155.30339     58.467575
     155.30343     58.467619
     155.30347     58.467661
     155.30352     58.467701
     155.30356      58.46774
      155.3036     58.467778
     155.30363     58.467814
     155.30367      58.46785
      155.3037     58.467884
     155.30374     58.467917
     155.30377     58.467949
      155.3038      58.46798
     155.30383     58.468009
     155.30386     58.468038
     155.30389     58.468066
     155.30392     58.468093
     155.30395     58.468119
     155.30397     58.468144
       155.304     58.468168
     155.30402     58.468192
     155.30404     58.468214
     155.30407     58.468236
     155.30409     58.468257
     155.30411     58.468278
     155.30413     58.468298
     155.30415     58.468317
     155.30417     58.468335
     155.30419     58.468353
      155.3042     58.468371
     155.30422     58.468387
     155.30424     58.468403
     155.30425     58.468419
     155.30427     58.468434
     155.30428     58.468449
      155.3043     58.468463
     155.30431     58.468476
     155.30433     58.468489
     155.30434     58.468502
     155.30435     58.468514
     155.30436     58.468526
     155.30438     58.468538
     155.30439     58.468549
      155.3044      58.46856
     155.30441      58.46857
     155.30442      58.46858
     155.30443      58.46859
     155.30444     58.468599
     155.30445     58.468608
     155.30446     58.468617
     155.30447     58.468625
     155.30447     58.468633
     155.30448     58.468641
     155.30449     58.468649
      155.3045     58.468656
     155.30451     58.468664
     155.30451      58.46867
     155.30452     58.468677
     155.30453     58.468683
     155.30453      58.46869
     155.30454     58.468696
     155.30454     58.468702
     155.30455     58.468707
     155.30456     58.468713
     155.30456     58.468718
     155.30457     58.468723
     155.30457     58.468728
     155.30458     58.468733
     155.30458     58.468737
     155.30459     58.468742
     155.30459     58.468746
     155.30459      58.46875
      155.3046     58.468754
      155.3046     58.468758
     155.30461     58.468762
     155.30461     58.468765
     155.30461     58.468769
     155.30462     58.468772
     155.30462     58.468775
     155.30462     58.468778
     155.30463     58.468781
     155.30463     58.468784
     155.30463     58.468787
     155.30464      58.46879
     155.30464     58.468793
     155.30464     58.468795
     155.30464     58.468798
     155.30465       58.4688
     155.30465     58.468802
     155.30465     58.468805
     155.30465     58.468807
     155.30466     58.468809
     155.30466     58.468811
     155.30466     58.468813
     155.30466     58.468815
     155.30466     58.468817
     155.30466     58.468818
     155.30467      58.46882
     155.30467     58.468822
     155.30467     58.468823
     155.30467     58.468825
     155.30467     58.468826
     155.30467     58.468828
     155.30468     58.468829
     155.30468     58.468831
     155.30468     58.468832
     155.30468     58.468833
     155.30468     58.468834
     155.30468     58.468835
     155.30468     58.468837
     155.30468     58.468838
     155.30469     58.468839
     155.30469      58.46884
     155.30469     58.468841
     155.30469     58.468842
     155.30469     58.468843
     155.30469     58.468844
     155.30469     58.468844
     155.30469     58.468845
     155.30469     58.468846
     155.30469     58.468847
     155.30469     58.468848
      155.3047     58.468848
      155.3047     58.468849
      155.3047      58.46885
      155.3047      58.46885
      155.3047     58.468851
      155.3047     58.468852
      155.3047     58.468852
      155.3047     58.468853
      155.3047     58.468853
      155.3047     58.468854
      155.3047     58.468854
      155.3047     58.468855
      155.3047     58.468855
      155.3047     58.468856
      155.3047     58.468856
      155.3047     58.468857
      155.3047     58.468857
     155.30471     58.468858
     155.30471     58.468858
     155.30471     58.468858
     155.30471     58.468859
     155.30471     58.468859
     155.30471     58.468859
     155.30471      58.46886
     155.30471      58.46886
     155.30471      58.46886
     155.30471     58.468861
     155.30471     58.468861
     155.30471     58.468861
     155.30471     58.468862
     155.30471     58.468862
